%%MatrixMarket matrix coordinate real general
119 761 2017                                      
1 1 1
1 2 1
1 3 1
1 4 1
2 5 1
2 6 1
2 7 1
2 8 1
2 9 1
2 10 1
2 11 1
2 12 1
2 13 1
2 14 1
2 15 1
2 16 1
2 17 2
2 18 1
2 19 1
2 20 1
2 21 2
3 8 2
3 13 5
3 14 1
3 22 1
3 23 3
3 24 1
3 25 1
3 26 1
3 27 1
3 28 2
3 29 1
3 30 1
3 31 2
3 32 3
3 33 2
3 34 2
3 35 1
3 36 4
3 37 1
3 38 4
3 39 1
3 40 4
3 41 1
3 42 1
3 43 1
3 44 1
3 45 1
3 46 1
3 47 2
3 48 1
3 49 1
3 50 1
3 51 2
3 52 2
3 53 1
3 54 1
3 55 1
3 56 1
3 57 1
3 58 1
3 59 1
3 60 1
4 11 1
4 61 1
4 62 1
4 63 1
4 64 2
4 65 1
5 11 1
5 61 1
5 63 1
5 64 1
5 65 3
5 66 1
5 67 1
5 68 3
5 69 1
6 2 1
6 7 1
6 11 3
6 13 1
6 36 1
6 45 2
6 61 1
6 70 1
6 71 1
6 72 1
6 73 1
6 74 2
6 75 2
6 76 1
6 77 1
7 78 1
7 79 1
7 80 1
7 81 1
7 82 1
7 83 1
7 84 1
7 85 2
7 86 1
7 87 1
7 88 1
8 2 1
8 11 1
8 13 1
8 80 1
8 89 1
8 90 1
8 91 1
8 92 1
8 93 1
9 11 1
9 48 1
9 62 1
9 72 1
9 94 1
9 95 1
9 96 1
10 11 2
10 17 1
10 36 1
10 97 1
10 98 1
10 99 1
11 1 1
11 3 1
11 8 1
11 10 2
11 11 4
11 12 1
11 13 1
11 19 2
11 20 1
11 22 1
11 23 1
11 26 1
11 37 1
11 40 1
11 45 2
11 72 3
11 74 2
11 80 1
11 93 2
11 94 1
11 100 1
11 101 1
11 102 1
11 103 1
11 104 1
11 105 1
11 106 1
11 107 1
11 108 1
11 109 1
11 110 1
11 111 1
11 112 1
11 113 1
11 114 1
11 115 1
11 116 1
11 117 1
11 118 1
11 119 1
11 120 2
11 121 1
11 122 1
11 123 1
11 124 1
11 125 1
11 126 2
11 127 1
11 128 1
11 129 1
11 130 1
11 131 1
11 132 1
11 133 1
11 134 1
11 135 2
11 136 1
11 137 1
11 138 1
11 139 2
11 140 1
12 4 1
12 47 1
12 126 1
12 141 1
12 142 1
12 143 1
12 144 1
13 13 1
13 40 1
13 65 1
13 90 6
13 144 1
13 145 1
13 146 2
13 147 1
13 148 1
13 149 1
13 150 1
13 151 1
13 152 1
13 153 1
13 154 1
13 155 3
13 156 1
13 157 1
13 158 1
13 159 2
13 160 1
13 161 1
13 162 1
13 163 1
14 11 2
14 19 1
14 72 1
14 164 1
14 165 1
14 166 1
15 11 2
15 23 1
15 74 1
15 91 1
15 100 1
15 121 1
15 133 1
15 167 1
15 168 2
15 169 1
15 170 1
15 171 1
15 172 1
15 173 1
15 174 1
15 175 1
15 176 1
15 177 1
15 178 1
15 179 1
15 180 1
15 181 1
16 90 1
16 93 1
16 155 1
16 182 1
16 183 1
16 184 1
16 185 1
16 186 1
17 13 1
17 43 1
17 49 1
17 62 1
17 72 1
17 96 1
17 126 1
17 155 1
17 187 1
17 188 1
17 189 1
18 5 1
18 7 2
18 11 7
18 12 1
18 17 3
18 21 2
18 36 4
18 37 1
18 40 1
18 41 1
18 60 1
18 72 1
18 80 1
18 91 2
18 109 1
18 113 1
18 126 2
18 133 1
18 135 3
18 139 1
18 144 5
18 147 1
18 166 4
18 180 1
18 190 1
18 191 1
18 192 1
18 193 1
18 194 1
18 195 1
18 196 1
18 197 1
18 198 1
18 199 1
18 200 1
18 201 2
18 202 1
18 203 2
18 204 1
18 205 3
18 206 1
18 207 3
18 208 2
18 209 1
18 210 2
18 211 3
18 212 1
18 213 1
18 214 1
18 215 1
18 216 1
18 217 1
18 218 2
18 219 1
18 220 2
18 221 1
18 222 2
18 223 1
18 224 1
18 225 1
18 226 1
19 7 1
19 11 2
19 13 1
19 17 1
19 40 1
19 54 1
19 57 1
19 60 1
19 80 2
19 92 1
19 126 1
19 173 1
19 200 1
19 215 1
19 227 1
19 228 1
19 229 1
19 230 1
19 231 1
19 232 1
19 233 1
19 234 1
19 235 1
19 236 1
19 237 1
19 238 1
19 239 1
19 240 1
20 11 1
20 22 2
20 29 4
20 36 4
20 80 1
20 90 1
20 106 1
20 133 1
20 145 1
20 155 1
20 207 2
20 215 1
20 230 1
20 237 1
20 240 1
20 241 1
20 242 1
20 243 1
20 244 1
20 245 2
21 7 1
21 11 2
21 60 1
21 80 1
21 126 1
21 132 1
21 166 2
21 246 1
21 247 1
21 248 1
21 249 1
21 250 2
21 251 1
21 252 1
21 253 1
21 254 1
22 13 1
22 17 1
22 36 2
22 61 1
22 62 1
22 89 1
22 90 1
22 91 1
22 96 1
22 109 1
22 116 1
22 202 2
22 203 1
22 255 1
23 44 1
23 121 1
23 133 1
23 256 1
24 11 1
24 14 1
24 19 1
24 23 1
24 24 1
24 28 1
24 40 1
24 135 2
24 166 1
24 240 1
24 257 1
24 258 1
24 259 2
25 4 1
25 8 1
25 11 1
25 36 1
25 41 2
25 46 1
25 72 1
25 74 1
25 109 1
25 116 1
25 130 1
25 134 1
25 157 1
25 184 1
25 190 1
25 200 1
25 202 1
25 203 1
25 236 1
25 260 1
25 261 1
25 262 1
25 263 1
25 264 1
25 265 1
25 266 1
25 267 1
25 268 1
25 269 1
25 270 2
25 271 1
25 272 1
25 273 2
25 274 1
25 275 1
25 276 1
25 277 2
25 278 2
25 279 1
25 280 1
25 281 1
25 282 2
25 283 1
26 61 1
26 152 1
26 207 1
26 284 1
26 285 1
26 286 1
26 287 1
26 288 1
26 289 1
26 290 1
27 2 1
27 11 1
27 13 1
27 46 1
27 72 1
27 114 1
27 166 1
27 200 2
27 236 1
27 283 1
27 291 1
27 292 1
28 2 1
28 11 1
28 13 1
28 72 1
28 125 1
28 166 1
28 200 2
28 236 1
28 283 1
28 291 1
28 293 1
29 7 1
29 11 1
29 12 1
29 14 1
29 17 1
29 19 1
29 29 1
29 36 1
29 40 1
29 59 1
29 61 1
29 126 1
29 166 1
29 167 1
29 194 1
29 200 1
29 207 2
29 266 1
29 274 1
29 294 1
29 295 1
29 296 1
29 297 1
29 298 1
29 299 1
29 300 2
29 301 1
29 302 1
29 303 1
29 304 1
29 305 1
30 10 1
30 11 4
30 12 1
30 17 2
30 19 1
30 21 2
30 23 2
30 33 1
30 36 1
30 41 2
30 45 1
30 57 1
30 62 1
30 71 1
30 106 1
30 110 1
30 121 1
30 127 1
30 135 1
30 137 2
30 166 3
30 209 4
30 224 1
30 229 2
30 306 1
30 307 2
30 308 1
30 309 1
30 310 1
30 311 1
30 312 1
30 313 1
30 314 1
30 315 1
30 316 1
30 317 1
30 318 1
30 319 1
30 320 1
30 321 1
30 322 1
30 323 1
31 1 1
31 3 1
31 11 2
31 12 1
31 13 1
31 19 1
31 24 1
31 31 1
31 49 1
31 116 1
31 143 1
31 166 2
31 180 1
31 184 1
31 190 1
31 198 2
31 200 1
31 226 1
31 230 1
31 236 1
31 240 1
31 324 1
31 325 1
31 326 1
31 327 1
32 5 1
32 11 1
32 74 1
32 328 1
33 11 2
33 36 1
33 41 1
33 47 1
33 61 1
33 62 3
33 110 1
33 266 1
33 329 1
33 330 1
33 331 1
33 332 1
33 333 1
33 334 1
33 335 1
34 13 2
34 26 1
34 60 1
34 116 1
34 126 1
34 142 1
34 240 1
34 336 1
34 337 1
34 338 1
35 11 1
35 339 1
35 340 2
36 13 1
36 49 1
36 126 1
36 192 1
36 253 1
36 283 1
36 329 1
36 341 1
36 342 1
36 343 1
36 344 2
36 345 1
37 19 1
37 72 1
37 207 1
37 333 1
37 346 1
37 347 1
37 348 1
37 349 2
37 350 1
38 26 1
38 80 1
38 322 1
38 351 1
38 352 1
39 13 2
39 17 1
39 40 5
39 61 2
39 64 1
39 65 1
39 126 1
39 198 1
39 208 1
39 270 1
39 283 1
39 325 3
39 333 1
39 336 2
39 344 1
39 353 1
39 354 1
39 355 1
39 356 1
39 357 1
39 358 1
39 359 1
39 360 1
39 361 1
39 362 2
39 363 1
39 364 1
39 365 1
39 366 1
39 367 1
39 368 1
39 369 1
39 370 1
40 40 1
40 44 2
40 60 1
40 126 2
40 146 1
40 181 1
40 230 1
40 237 1
40 265 1
40 338 1
40 341 1
40 358 1
40 369 2
40 371 1
40 372 1
40 373 1
40 374 1
40 375 1
40 376 2
40 377 1
40 378 1
41 2 1
41 4 1
41 123 1
41 254 1
41 259 1
41 379 1
42 21 1
42 40 1
42 41 1
42 58 1
42 61 1
42 126 3
42 237 1
42 257 1
42 328 1
42 380 1
42 381 1
42 382 1
42 383 1
42 384 1
42 385 1
42 386 1
42 387 3
42 388 4
42 389 2
42 390 1
42 391 1
42 392 1
42 393 1
42 394 1
42 395 1
42 396 1
43 13 1
43 67 1
43 72 1
43 126 1
43 178 1
43 341 1
43 397 1
43 398 1
44 61 1
44 72 1
44 126 1
44 399 1
45 44 1
45 126 1
45 237 1
45 342 1
45 380 1
45 400 1
45 401 1
45 402 1
45 403 1
45 404 1
46 61 1
46 76 1
46 80 1
46 200 1
46 239 1
46 322 2
46 323 2
46 405 1
46 406 1
46 407 1
47 9 1
47 20 1
47 31 1
47 59 1
47 61 1
47 69 1
47 80 1
47 86 1
47 135 1
47 146 1
47 165 1
47 175 1
47 217 1
47 338 1
47 372 1
47 399 1
47 408 1
47 409 1
47 410 1
47 411 1
47 412 1
47 413 1
47 414 1
47 415 1
47 416 1
47 417 1
47 418 1
47 419 1
47 420 1
47 421 1
48 2 1
48 207 1
48 239 1
48 335 1
48 360 1
48 379 1
48 422 1
48 423 1
49 321 1
49 379 1
49 424 1
49 425 1
49 426 1
49 427 1
50 49 1
50 61 1
50 91 1
50 126 2
50 155 1
50 157 1
50 192 1
50 283 1
50 301 2
50 337 1
50 358 1
50 360 1
50 384 1
50 399 1
50 428 1
50 429 1
50 430 1
50 431 1
50 432 1
50 433 1
51 2 1
51 4 1
51 247 1
51 254 1
51 434 1
52 5 1
52 6 1
52 10 1
52 14 1
52 49 1
52 61 1
52 126 1
52 144 1
52 431 1
52 435 1
52 436 1
52 437 1
52 438 1
52 439 1
53 49 1
53 60 1
53 72 1
53 440 1
53 441 1
53 442 1
53 443 1
53 444 1
53 445 1
54 2 1
54 11 1
54 49 1
54 74 1
54 96 2
54 217 1
54 236 1
54 446 1
55 48 1
55 61 1
55 72 1
55 228 1
55 447 1
55 448 1
56 49 1
56 72 1
56 96 2
56 126 1
56 449 1
57 4 1
57 31 1
57 37 1
57 49 2
57 71 1
57 77 1
57 177 2
57 226 1
57 283 1
57 328 1
57 450 1
57 451 1
57 452 1
57 453 1
57 454 1
58 13 1
58 48 1
58 61 1
58 72 1
58 198 1
59 26 1
59 54 1
59 65 1
59 72 2
59 110 1
59 326 2
59 372 1
59 455 1
59 456 1
59 457 1
59 458 1
60 4 1
60 8 1
60 11 1
60 34 1
60 38 1
60 61 1
60 65 1
60 74 1
60 108 1
60 126 1
60 283 1
60 304 1
60 328 1
60 360 1
60 459 1
61 1 1
61 3 3
61 27 1
61 42 1
61 61 1
61 86 1
61 172 1
61 247 1
61 290 1
61 434 1
61 456 1
61 460 1
61 461 1
61 462 1
61 463 3
61 464 1
61 465 1
61 466 1
61 467 1
61 468 1
61 469 1
61 470 1
61 471 1
61 472 1
62 1 4
62 3 2
62 71 2
62 230 1
62 473 1
62 474 2
62 475 2
63 1 2
63 3 2
63 44 1
63 135 1
63 175 1
63 209 1
63 283 1
63 304 1
63 379 1
63 424 1
63 425 1
63 476 1
63 477 1
63 478 1
63 479 2
63 480 1
64 7 1
64 11 1
64 18 1
64 61 1
64 80 1
64 255 1
64 341 1
64 481 1
65 11 1
65 36 1
65 90 1
65 145 1
65 217 1
65 236 1
65 258 1
65 316 1
65 482 1
66 7 1
66 23 1
66 90 1
66 133 1
66 145 1
66 155 1
66 328 1
66 482 1
66 483 1
66 484 1
66 485 1
66 486 1
67 8 1
67 11 1
67 60 1
67 100 1
67 161 1
67 487 1
68 2 1
68 11 1
68 13 1
68 166 1
69 4 1
69 47 1
69 61 1
69 108 1
69 121 1
69 126 1
69 304 1
69 328 1
69 459 1
69 488 1
69 489 1
69 490 1
70 2 1
70 11 1
70 19 1
70 123 1
70 166 1
70 200 1
70 250 1
70 290 1
70 323 1
70 444 1
70 491 1
70 492 1
70 493 1
70 494 1
71 11 1
71 34 1
71 38 1
71 47 1
71 60 1
71 67 1
71 107 1
71 116 1
71 119 1
71 143 1
71 491 1
71 495 1
72 7 1
72 11 1
72 67 1
72 316 1
72 496 1
72 497 1
72 498 1
72 499 1
72 500 1
72 501 1
73 11 1
73 236 1
73 502 1
73 503 1
74 8 1
74 13 1
74 22 1
74 34 1
74 38 1
74 49 1
74 55 1
74 71 1
74 126 1
74 132 1
74 142 1
74 184 1
74 291 1
74 496 1
74 504 1
74 505 1
75 4 1
75 44 1
75 108 1
75 126 2
75 152 1
75 236 1
75 382 1
75 480 1
75 506 3
75 507 1
75 508 1
75 509 1
75 510 1
75 511 1
75 512 1
75 513 1
76 43 1
76 49 1
76 56 1
76 126 1
76 514 1
76 515 1
76 516 2
76 517 2
76 518 1
76 519 1
77 11 3
77 13 2
77 14 1
77 17 2
77 19 1
77 22 1
77 29 1
77 36 3
77 37 1
77 40 2
77 46 1
77 50 1
77 65 1
77 80 1
77 81 1
77 89 1
77 90 5
77 145 2
77 176 1
77 180 1
77 201 1
77 202 1
77 205 1
77 220 1
77 223 1
77 224 1
77 230 1
77 237 1
77 247 1
77 259 3
77 282 1
77 283 1
77 287 1
77 288 3
77 301 1
77 309 1
77 385 1
77 410 1
77 445 1
77 483 1
77 494 1
77 505 1
77 520 2
77 521 1
77 522 1
77 523 2
77 524 1
77 525 1
77 526 1
77 527 2
77 528 1
77 529 1
77 530 1
77 531 2
77 532 2
77 533 2
78 13 3
78 26 1
78 32 1
78 37 1
78 47 1
78 61 1
78 143 1
78 230 1
78 505 1
78 534 1
78 535 1
79 14 1
79 33 1
79 47 2
79 49 1
79 55 1
79 62 1
79 123 1
79 143 2
79 155 1
79 172 1
79 283 2
79 328 1
79 488 1
79 536 1
79 537 1
79 538 1
79 539 1
79 540 1
79 541 1
80 4 1
80 30 1
80 61 1
80 108 1
80 126 1
80 188 1
80 459 1
80 542 1
80 543 1
81 4 1
81 8 2
81 11 1
81 34 1
81 38 1
81 86 1
81 283 1
81 287 1
81 360 1
81 414 1
81 544 1
81 545 1
81 546 1
82 4 1
82 11 1
82 13 2
82 347 1
82 462 1
82 496 1
83 4 1
83 13 1
83 49 1
83 72 1
83 347 1
83 462 1
84 13 3
84 19 2
84 33 1
84 61 1
84 72 2
84 107 1
84 137 2
84 192 1
84 236 1
84 259 1
84 295 1
84 305 1
84 314 1
84 326 1
84 372 1
84 384 1
84 417 1
84 547 1
84 548 1
84 549 1
84 550 1
85 10 1
85 12 1
85 13 3
85 49 1
85 55 1
85 56 1
85 60 1
85 61 1
85 65 1
85 108 1
85 126 3
85 192 1
85 283 1
85 360 1
85 449 1
85 462 1
85 529 1
85 551 1
85 552 1
86 72 1
86 135 1
86 257 1
86 398 1
86 553 1
86 554 1
87 1 1
87 3 1
87 27 1
87 40 1
87 49 1
87 61 1
87 126 2
87 167 1
87 198 1
87 301 1
87 337 1
87 449 1
87 474 1
87 549 1
87 555 1
87 556 1
88 1 1
88 40 2
88 72 1
88 106 1
88 184 1
88 321 1
88 337 1
88 459 1
88 548 1
88 557 1
88 558 1
88 559 1
89 1 2
89 3 1
89 32 1
89 60 1
89 204 1
89 283 1
89 325 1
89 515 1
89 551 1
89 560 1
89 561 1
89 562 1
89 563 1
89 564 1
89 565 1
89 566 1
89 567 1
89 568 1
89 569 1
90 2 1
90 49 1
90 61 1
90 65 1
90 96 2
90 108 1
90 198 1
90 323 1
90 449 1
90 459 1
90 495 1
91 1 1
91 3 1
91 7 1
91 18 1
91 60 1
91 126 1
91 247 1
91 304 1
91 570 1
92 1 2
92 3 2
92 27 1
92 110 1
92 135 2
92 184 1
92 297 1
92 360 1
92 474 1
92 571 1
92 572 1
92 573 1
92 574 1
92 575 1
93 1 2
93 3 1
93 7 2
93 40 1
93 60 1
93 337 1
93 497 1
93 576 1
93 577 1
93 578 1
93 579 1
93 580 1
94 7 2
94 11 4
94 12 2
94 24 1
94 31 4
94 40 1
94 45 1
94 57 2
94 62 2
94 72 2
94 97 1
94 106 1
94 126 1
94 134 1
94 135 3
94 136 1
94 141 1
94 144 2
94 166 1
94 171 1
94 172 1
94 175 2
94 180 1
94 188 1
94 208 2
94 211 2
94 223 1
94 240 1
94 247 1
94 259 2
94 302 1
94 322 2
94 349 1
94 434 1
94 453 1
94 456 1
94 463 1
94 464 1
94 510 1
94 525 2
94 568 1
94 581 1
94 582 1
94 583 1
94 584 1
94 585 1
94 586 1
94 587 1
94 588 2
94 589 1
94 590 2
94 591 1
94 592 2
94 593 1
94 594 1
94 595 1
94 596 1
94 597 1
94 598 1
94 599 1
94 600 1
95 1 1
95 40 1
95 50 1
95 146 1
95 161 2
95 254 1
95 265 2
95 304 1
95 321 5
95 358 1
95 386 2
95 419 1
95 434 1
95 459 2
95 558 1
95 559 1
95 601 1
95 602 1
95 603 1
95 604 1
95 605 1
95 606 2
95 607 1
96 1 3
96 3 5
96 7 1
96 13 2
96 40 1
96 42 1
96 45 1
96 46 1
96 56 4
96 58 5
96 71 3
96 77 1
96 106 1
96 110 1
96 132 3
96 144 3
96 172 2
96 184 1
96 207 1
96 210 1
96 223 1
96 302 1
96 318 1
96 323 1
96 325 1
96 327 1
96 358 1
96 404 1
96 410 1
96 419 1
96 423 1
96 424 3
96 459 1
96 479 2
96 537 1
96 563 1
96 569 1
96 571 2
96 608 1
96 609 1
96 610 1
96 611 1
96 612 1
96 613 1
96 614 1
96 615 1
96 616 1
96 617 1
96 618 1
96 619 1
96 620 1
96 621 1
96 622 3
96 623 2
96 624 1
96 625 1
96 626 1
97 1 1
97 2 1
97 366 1
97 459 1
97 562 1
97 564 1
97 627 1
98 1 4
98 2 1
98 3 1
98 7 3
98 46 1
98 111 1
98 126 1
98 173 2
98 175 1
98 209 1
98 252 1
98 295 1
98 318 1
98 323 1
98 337 2
98 463 1
98 479 1
98 567 1
98 580 1
98 622 1
98 625 1
98 628 1
98 629 1
98 630 1
98 631 1
98 632 1
98 633 1
98 634 1
98 635 1
99 1 1
99 17 1
99 24 1
99 94 1
99 106 1
99 318 2
99 323 1
99 337 1
99 384 1
99 474 1
99 527 1
99 636 1
100 1 2
100 3 3
100 5 2
100 11 2
100 12 1
100 14 1
100 15 1
100 16 1
100 19 1
100 20 1
100 21 3
100 33 2
100 37 3
100 41 2
100 43 2
100 46 1
100 57 1
100 71 1
100 106 3
100 118 1
100 126 1
100 137 1
100 166 2
100 188 2
100 202 1
100 207 1
100 301 1
100 304 1
100 305 1
100 322 1
100 323 1
100 340 1
100 379 1
100 384 1
100 492 1
100 537 1
100 542 1
100 559 1
100 563 1
100 564 1
100 595 1
100 611 1
100 637 1
100 638 1
100 639 1
100 640 2
100 641 1
100 642 1
100 643 1
100 644 2
100 645 1
100 646 2
100 647 1
100 648 2
100 649 1
100 650 1
100 651 1
100 652 1
100 653 1
100 654 2
100 655 2
100 656 2
100 657 1
100 658 1
100 659 1
100 660 1
100 661 1
101 1 1
101 11 1
101 19 1
101 30 1
101 31 2
101 37 1
101 106 1
101 108 1
101 110 1
101 166 1
101 180 1
101 250 1
101 269 1
101 283 1
101 296 1
101 323 2
101 458 1
101 460 1
101 474 1
101 542 1
101 573 1
101 636 1
101 640 1
101 662 1
101 663 1
101 664 1
101 665 1
101 666 1
101 667 1
101 668 1
102 1 2
102 3 4
102 4 1
102 71 4
102 106 1
102 110 1
102 135 1
102 200 1
102 236 3
102 247 2
102 270 1
102 322 1
102 323 2
102 434 2
102 474 1
102 559 1
102 566 1
102 669 1
102 670 1
102 671 1
102 672 1
102 673 1
103 1 2
103 14 1
103 56 1
103 61 1
103 304 1
103 305 1
103 358 1
103 564 1
103 572 1
103 644 1
104 1 2
104 2 1
104 3 1
104 33 1
104 54 1
104 91 1
104 126 1
104 146 1
104 167 1
104 176 1
104 301 1
104 493 1
104 630 1
104 652 1
104 674 1
104 675 1
104 676 1
104 677 1
104 678 1
104 679 1
105 1 3
105 3 1
105 4 2
105 14 1
105 15 2
105 37 2
105 49 1
105 71 1
105 96 2
105 106 1
105 108 1
105 126 1
105 136 1
105 143 1
105 227 1
105 301 1
105 323 1
105 370 1
105 453 1
105 479 2
105 488 1
105 527 1
105 559 2
105 669 1
105 680 1
105 681 1
105 682 1
105 683 1
105 684 1
105 685 1
105 686 1
105 687 1
106 3 1
106 4 3
106 7 1
106 28 1
106 60 1
106 110 1
106 132 1
106 134 1
106 307 1
106 562 2
106 564 1
106 611 1
106 630 1
106 688 1
106 689 1
107 1 1
107 3 1
107 46 1
107 50 1
107 60 1
107 61 1
107 321 1
108 1 2
108 11 1
108 24 1
108 42 1
108 71 2
108 76 1
108 80 1
108 106 2
108 132 1
108 146 1
108 157 2
108 166 3
108 180 2
108 188 1
108 223 1
108 236 1
108 247 2
108 257 1
108 269 1
108 321 1
108 322 3
108 411 1
108 412 2
108 434 2
108 474 1
108 492 1
108 496 1
108 564 1
108 690 1
108 691 1
108 692 1
108 693 1
109 122 1
109 323 1
109 510 1
109 557 1
109 694 1
109 695 1
109 696 1
109 697 1
109 698 1
110 1 1
110 3 1
110 71 1
110 106 1
110 157 1
110 236 1
110 247 1
110 323 1
110 405 1
110 434 1
111 21 1
111 47 1
111 143 2
111 405 1
111 488 3
111 527 1
111 571 1
111 699 1
112 1 1
112 3 1
112 4 2
112 10 1
112 12 1
112 13 4
112 14 1
112 23 2
112 40 2
112 41 1
112 58 1
112 59 1
112 65 1
112 71 1
112 94 1
112 108 2
112 126 1
112 132 1
112 134 1
112 139 1
112 146 4
112 151 1
112 152 1
112 172 1
112 189 1
112 192 1
112 205 1
112 245 1
112 291 1
112 335 1
112 359 1
112 381 1
112 409 2
112 459 1
112 479 1
112 488 6
112 494 2
112 516 1
112 527 1
112 529 1
112 604 2
112 626 1
112 633 1
112 659 1
112 693 1
112 700 1
112 701 1
112 702 2
112 703 1
112 704 2
112 705 3
112 706 1
112 707 1
112 708 2
112 709 2
112 710 1
112 711 1
112 712 1
112 713 1
112 714 1
112 715 1
112 716 1
112 717 2
112 718 1
112 719 1
112 720 2
112 721 1
112 722 1
112 723 1
112 724 1
112 725 1
113 47 2
113 60 1
113 144 1
113 483 1
113 488 1
113 640 1
113 726 1
114 13 1
114 32 2
114 47 3
114 126 1
114 135 1
114 144 1
114 198 1
114 204 2
114 295 1
114 386 1
114 436 1
114 571 1
114 711 1
114 727 1
114 728 1
114 729 1
114 730 1
114 731 1
114 732 1
114 733 1
114 734 1
115 47 1
115 339 1
115 340 1
115 488 1
116 13 1
116 14 1
116 20 1
116 47 1
116 135 1
116 183 1
116 184 1
116 247 1
116 291 1
116 542 1
116 735 1
116 736 1
117 14 1
117 17 1
117 22 1
117 34 1
117 38 1
117 60 1
117 97 1
117 98 1
117 116 3
117 119 1
117 143 1
117 435 1
117 444 1
117 499 1
117 506 1
117 669 1
117 705 1
117 707 1
117 737 1
117 738 1
117 739 1
117 740 1
117 741 1
117 742 1
118 8 2
118 13 2
118 22 1
118 31 1
118 37 1
118 75 4
118 80 1
118 81 1
118 86 1
118 126 1
118 135 1
118 146 1
118 172 1
118 183 2
118 184 1
118 197 1
118 226 1
118 261 1
118 327 1
118 368 1
118 372 1
118 380 1
118 390 1
118 411 1
118 419 2
118 462 1
118 579 1
118 580 2
118 591 1
118 664 1
118 696 1
118 706 1
118 728 3
118 743 1
118 744 1
118 745 1
118 746 1
118 747 1
118 748 1
118 749 1
118 750 1
118 751 1
118 752 1
118 753 1
118 754 1
118 755 1
118 756 1
118 757 1
118 758 1
118 759 1
118 760 1
119 8 1
119 11 1
119 45 1
119 60 1
119 74 1
119 105 1
119 126 1
119 142 1
119 761 1
