%%MatrixMarket matrix coordinate real general
554 1612 6899                                     
1 1 1
1 2 1
1 3 1
1 4 1
2 3 2
2 5 1
2 6 1
2 7 1
2 8 1
2 9 1
2 10 1
2 11 1
2 12 1
2 13 1
3 3 1
3 14 1
3 15 1
3 16 1
3 17 1
3 18 1
3 19 1
4 20 1
4 21 1
4 22 1
5 20 1
5 23 1
5 24 1
6 20 1
6 25 1
7 20 2
7 26 1
7 27 2
7 28 1
8 2 1
8 5 2
8 6 1
8 14 1
8 20 1
8 29 1
8 30 1
8 31 1
8 32 1
8 33 1
8 34 1
8 35 1
8 36 1
8 37 1
8 38 1
8 39 1
9 20 1
9 40 1
9 41 1
9 42 1
9 43 1
10 3 1
10 5 1
10 44 1
10 45 1
10 46 1
10 47 1
10 48 1
10 49 1
10 50 1
10 51 1
10 52 1
10 53 1
10 54 1
10 55 1
10 56 1
11 3 3
11 13 1
11 14 1
11 46 2
11 57 1
11 58 2
11 59 1
11 60 1
11 61 1
11 62 1
11 63 1
11 64 1
11 65 1
11 66 1
11 67 2
12 3 2
12 6 1
12 48 1
12 49 1
12 68 1
12 69 1
13 2 1
13 11 1
13 55 1
13 70 1
13 71 1
13 72 1
13 73 1
13 74 1
13 75 1
13 76 1
13 77 2
14 6 1
14 14 1
14 50 1
14 56 1
14 68 1
14 78 1
15 2 1
15 14 1
15 20 1
15 42 1
15 50 1
15 68 1
15 79 1
15 80 1
15 81 2
15 82 1
15 83 1
15 84 1
15 85 1
16 6 1
16 86 2
16 87 1
16 88 1
17 3 1
17 11 1
17 15 1
17 20 1
17 68 1
17 89 1
17 90 1
17 91 1
17 92 1
17 93 3
17 94 1
17 95 1
17 96 2
17 97 1
17 98 1
17 99 2
17 100 1
17 101 1
17 102 1
17 103 1
17 104 1
17 105 1
17 106 1
18 41 1
18 90 1
18 97 1
18 103 1
18 107 1
18 108 1
18 109 1
18 110 1
18 111 1
19 6 1
19 14 1
19 41 1
19 49 1
19 56 1
19 67 2
19 92 1
19 93 1
19 107 1
19 112 1
19 113 1
19 114 1
19 115 1
19 116 1
19 117 1
20 4 1
20 14 1
20 15 1
20 19 1
20 67 1
20 88 1
20 118 1
21 20 1
21 88 1
21 119 1
21 120 1
22 14 1
22 17 1
22 30 1
22 90 1
22 92 1
22 121 1
22 122 1
22 123 1
23 2 1
23 20 1
23 124 1
24 2 2
24 43 1
24 53 1
24 55 1
24 77 1
24 106 1
24 111 1
24 125 1
24 126 1
24 127 1
24 128 1
24 129 1
24 130 1
24 131 1
25 14 1
25 20 2
25 121 1
25 123 1
25 132 1
25 133 1
25 134 2
25 135 1
25 136 1
25 137 2
25 138 1
25 139 2
25 140 1
25 141 1
26 14 1
26 20 1
26 27 1
26 117 1
26 137 1
26 139 1
26 142 1
26 143 1
26 144 1
27 20 1
27 33 1
27 96 1
27 124 1
27 141 1
28 3 2
28 14 1
28 16 1
28 20 2
28 27 1
28 67 1
28 90 6
28 101 1
28 107 1
28 139 4
28 143 1
28 145 1
28 146 1
28 147 1
28 148 1
28 149 1
28 150 1
28 151 1
29 2 1
29 20 1
29 50 1
29 72 1
29 90 1
29 152 1
30 2 1
30 20 1
30 49 1
30 50 2
30 56 1
30 72 1
30 106 1
30 153 1
30 154 1
30 155 1
30 156 1
30 157 1
30 158 1
31 42 1
31 49 1
31 56 1
31 92 1
32 2 1
32 3 1
32 16 1
32 36 1
32 42 1
32 58 1
32 86 1
32 90 1
32 159 1
33 14 1
33 20 1
33 50 2
33 68 1
33 77 1
33 81 1
33 92 1
33 135 1
33 160 1
33 161 1
33 162 1
34 3 1
34 11 1
34 14 1
34 20 2
34 102 1
34 163 1
34 164 2
34 165 1
34 166 1
34 167 2
34 168 1
34 169 1
34 170 1
34 171 1
34 172 1
34 173 1
34 174 1
34 175 1
35 3 1
35 11 1
35 13 1
35 27 1
35 55 1
35 75 1
35 76 1
35 77 1
35 126 1
35 157 1
35 176 1
35 177 1
35 178 1
35 179 1
35 180 1
35 181 1
35 182 1
35 183 1
35 184 1
35 185 1
35 186 1
36 54 1
36 77 1
36 173 1
36 187 1
36 188 1
36 189 1
37 5 1
37 10 1
37 43 1
37 72 2
37 77 1
37 190 1
37 191 1
37 192 1
37 193 1
37 194 1
37 195 1
37 196 1
38 12 1
38 72 1
38 158 1
38 190 1
38 191 1
38 197 1
38 198 1
38 199 1
38 200 1
38 201 1
38 202 2
38 203 1
39 5 1
39 30 1
39 43 1
39 78 1
39 195 1
39 204 1
39 205 1
39 206 1
39 207 1
39 208 1
40 55 2
40 121 1
40 160 1
40 209 1
41 3 1
41 43 2
41 55 1
41 180 1
41 195 1
41 210 1
41 211 1
42 5 1
42 56 1
42 195 1
42 212 1
42 213 1
43 3 1
43 5 1
43 13 1
43 43 1
43 49 1
43 56 2
43 195 1
43 214 1
44 2 1
44 3 1
44 5 1
44 31 1
44 43 1
44 195 1
45 5 1
45 55 1
45 56 1
45 215 1
46 3 1
46 43 1
46 44 1
46 55 1
46 72 1
46 75 1
47 3 1
47 216 1
48 3 8
48 5 5
48 20 1
48 30 1
48 41 1
48 43 6
48 44 5
48 48 4
48 54 2
48 55 1
48 56 12
48 63 1
48 67 1
48 68 3
48 72 2
48 74 2
48 77 2
48 83 1
48 89 1
48 90 2
48 97 1
48 101 3
48 103 1
48 104 2
48 112 1
48 145 1
48 148 1
48 161 2
48 164 2
48 168 1
48 173 1
48 187 5
48 189 3
48 195 4
48 211 1
48 212 3
48 213 3
48 217 1
48 218 1
48 219 1
48 220 2
48 221 1
48 222 1
48 223 1
48 224 1
48 225 1
48 226 1
48 227 1
48 228 1
48 229 1
48 230 1
48 231 1
48 232 4
48 233 2
48 234 3
48 235 1
48 236 1
48 237 1
48 238 1
48 239 3
48 240 1
48 241 1
48 242 1
48 243 1
48 244 1
48 245 3
48 246 1
48 247 1
48 248 1
48 249 1
48 250 8
48 251 2
48 252 1
48 253 1
48 254 1
48 255 1
48 256 1
48 257 4
48 258 1
48 259 2
48 260 1
48 261 1
48 262 1
48 263 1
48 264 2
48 265 1
48 266 1
48 267 1
48 268 1
48 269 1
48 270 1
48 271 2
48 272 3
48 273 2
48 274 1
49 56 1
49 74 1
49 275 1
49 276 1
49 277 1
50 43 1
50 48 1
50 55 1
50 77 1
50 105 1
50 194 1
50 278 1
50 279 1
50 280 1
51 6 1
51 148 1
51 281 1
52 2 1
52 3 1
52 43 1
53 2 1
53 14 2
53 15 1
53 30 1
53 53 2
53 86 2
53 236 1
53 262 1
53 276 1
53 282 1
53 283 1
53 284 1
54 3 1
54 4 2
54 6 1
54 8 1
54 11 2
54 13 1
54 16 1
54 28 1
54 43 7
54 44 1
54 48 4
54 54 7
54 57 1
54 63 1
54 72 3
54 78 5
54 90 3
54 93 1
54 97 1
54 101 3
54 103 1
54 104 3
54 106 1
54 113 4
54 151 1
54 179 1
54 183 1
54 184 2
54 193 1
54 195 1
54 210 1
54 225 1
54 237 1
54 239 5
54 241 1
54 245 2
54 268 1
54 273 1
54 285 1
54 286 1
54 287 1
54 288 1
54 289 1
54 290 1
54 291 2
54 292 1
54 293 1
54 294 4
54 295 5
54 296 2
54 297 2
54 298 1
54 299 3
54 300 1
54 301 1
54 302 1
54 303 2
54 304 1
54 305 1
54 306 1
54 307 1
54 308 1
54 309 1
54 310 1
54 311 1
54 312 1
54 313 1
54 314 3
54 315 5
55 1 1
55 3 2
55 43 1
55 49 1
55 56 1
55 168 1
55 222 1
55 283 1
55 306 1
55 316 1
55 317 1
55 318 1
56 55 1
56 185 1
56 262 1
56 319 1
56 320 1
56 321 1
56 322 1
57 2 1
57 55 1
57 148 1
57 179 1
57 180 1
57 323 1
57 324 1
57 325 1
58 3 2
58 36 1
58 46 1
58 77 2
58 78 1
58 96 1
58 239 2
58 241 1
58 326 1
58 327 1
58 328 1
59 3 1
59 6 1
59 19 1
59 55 1
59 329 1
59 330 1
60 3 3
60 6 1
60 48 3
60 77 1
60 148 1
60 269 1
60 329 1
60 330 2
60 331 1
60 332 1
60 333 1
60 334 1
60 335 1
60 336 1
60 337 3
61 2 1
61 3 3
61 55 3
61 77 1
61 96 1
61 105 1
61 195 2
61 255 1
61 271 1
61 321 1
61 327 1
61 338 1
61 339 1
62 50 1
62 77 1
62 78 1
62 96 1
62 195 1
62 241 1
62 321 1
62 340 1
62 341 1
63 342 1
63 343 1
64 7 1
64 43 2
64 48 1
64 54 2
64 74 1
64 77 2
64 243 1
64 341 1
64 344 1
64 345 1
64 346 1
64 347 1
64 348 1
65 3 1
65 20 1
65 48 1
65 86 1
65 96 1
65 239 2
65 241 2
65 269 1
65 329 1
65 349 1
65 350 1
66 3 2
66 18 1
66 211 1
66 224 1
66 243 1
66 331 1
66 343 1
66 351 1
66 352 1
66 353 1
66 354 1
67 3 1
67 4 1
67 19 1
67 61 1
67 241 1
67 269 1
67 276 1
67 291 1
67 355 1
68 3 1
68 53 1
68 54 2
68 55 1
68 62 1
68 77 1
68 96 1
68 148 1
68 161 1
68 195 2
68 211 1
68 236 1
68 239 2
68 241 2
68 327 1
68 329 1
68 356 1
68 357 1
69 3 2
69 4 1
69 18 1
69 43 1
69 55 1
69 75 1
69 90 1
69 185 1
69 239 1
69 269 1
69 330 1
69 338 1
69 358 1
70 2 1
70 3 1
70 4 1
70 6 1
70 36 1
70 48 2
70 53 1
70 67 1
70 77 1
70 174 1
70 243 3
70 277 1
70 332 1
70 359 1
70 360 2
70 361 1
70 362 1
70 363 1
70 364 1
70 365 1
71 2 1
71 3 1
71 25 1
71 54 1
71 133 1
71 315 1
71 366 1
71 367 1
71 368 1
71 369 1
71 370 1
71 371 1
71 372 1
71 373 1
71 374 1
71 375 1
72 2 1
72 3 1
72 367 1
72 369 1
73 2 1
73 3 1
73 36 1
73 77 1
73 130 2
73 133 1
73 367 2
73 368 1
73 370 1
73 371 1
73 376 1
73 377 1
73 378 1
73 379 1
73 380 1
73 381 1
73 382 1
74 4 1
74 49 1
74 370 1
74 383 1
75 3 3
75 4 1
75 36 2
75 54 1
75 56 2
75 62 3
75 67 1
75 77 1
75 90 2
75 93 1
75 101 1
75 147 1
75 148 2
75 161 1
75 184 1
75 188 1
75 218 1
75 248 1
75 258 1
75 286 1
75 318 1
75 327 2
75 377 1
75 383 2
75 384 1
75 385 1
75 386 1
75 387 1
75 388 1
75 389 1
75 390 1
75 391 1
75 392 1
75 393 1
75 394 1
75 395 1
75 396 1
75 397 1
75 398 1
75 399 1
75 400 1
75 401 1
75 402 1
75 403 1
75 404 1
75 405 1
75 406 1
75 407 1
75 408 1
75 409 1
76 168 2
76 383 1
77 16 1
77 40 1
77 168 2
77 383 1
78 3 2
78 5 1
78 43 2
78 44 1
78 72 1
78 83 1
78 125 1
78 241 1
78 262 1
78 291 1
78 410 1
78 411 1
78 412 1
78 413 1
79 2 1
79 4 1
79 40 1
79 168 2
79 173 1
79 371 1
79 377 1
79 383 1
79 414 1
79 415 1
80 2 1
80 49 1
80 85 1
80 147 1
80 161 1
80 168 1
80 171 1
80 183 1
80 253 1
80 383 2
80 416 1
80 417 1
80 418 2
80 419 1
80 420 1
81 49 1
81 122 1
81 137 1
81 168 1
81 383 1
82 4 1
82 49 1
82 90 1
82 168 2
82 358 1
82 383 1
83 2 1
83 25 1
83 33 1
83 149 1
83 168 1
83 171 1
83 173 1
83 382 2
83 421 1
83 422 1
83 423 1
83 424 1
84 2 1
84 4 1
84 25 1
84 54 1
84 371 1
84 382 1
84 422 1
84 425 1
84 426 1
85 2 1
85 167 1
85 168 1
85 173 1
85 284 1
85 382 2
85 427 1
86 26 1
86 90 1
86 139 1
86 171 1
86 173 1
86 183 1
86 252 1
86 269 1
86 367 1
86 371 1
86 382 2
86 422 1
86 428 1
86 429 1
86 430 1
86 431 1
86 432 1
86 433 1
87 2 2
87 15 1
87 25 1
87 49 1
87 54 2
87 67 1
87 85 1
87 90 1
87 102 1
87 106 1
87 147 2
87 167 1
87 168 2
87 173 2
87 174 1
87 284 1
87 371 1
87 377 1
87 382 6
87 383 1
87 395 1
87 400 1
87 427 1
87 431 1
87 434 1
87 435 1
87 436 1
87 437 1
87 438 1
87 439 1
87 440 1
87 441 1
87 442 1
87 443 1
88 349 1
88 382 1
88 444 1
88 445 1
89 3 1
89 5 1
89 43 1
89 90 1
89 198 1
89 200 1
89 201 1
89 390 1
89 393 1
89 410 1
89 411 1
89 412 1
89 413 1
89 446 1
89 447 1
90 2 1
90 367 1
90 371 1
90 382 1
90 427 1
90 429 1
91 13 1
91 168 1
91 171 1
91 173 1
91 400 1
91 422 1
91 448 1
92 13 1
92 72 1
92 168 1
92 173 1
92 367 4
92 371 1
92 379 1
92 400 1
92 427 1
93 2 2
93 54 1
93 77 1
93 83 1
93 106 1
93 130 1
93 149 1
93 161 1
93 173 3
93 253 1
93 271 1
93 369 1
93 371 2
93 382 6
93 422 2
93 427 1
93 438 1
93 449 1
93 450 1
94 2 3
94 15 1
94 16 1
94 18 1
94 19 1
94 54 1
94 78 1
94 83 1
94 106 2
94 130 1
94 147 1
94 168 1
94 169 1
94 173 2
94 174 1
94 184 1
94 187 1
94 207 1
94 211 1
94 241 1
94 371 1
94 382 5
94 400 1
94 422 1
94 426 1
94 437 1
94 444 4
94 445 1
94 451 1
94 452 1
94 453 1
94 454 1
94 455 3
94 456 1
94 457 3
94 458 1
94 459 1
94 460 1
94 461 2
94 462 1
94 463 1
94 464 2
94 465 1
94 466 1
94 467 1
94 468 1
95 2 2
95 27 1
95 54 1
95 138 1
95 168 1
95 174 1
95 382 3
95 438 1
95 448 1
95 467 1
95 469 1
95 470 1
95 471 1
95 472 1
95 473 1
95 474 4
95 475 1
95 476 1
95 477 1
95 478 1
96 2 1
96 54 1
96 83 1
96 168 1
96 382 1
96 406 1
96 473 2
96 474 3
96 479 1
96 480 1
96 481 1
96 482 1
96 483 1
96 484 3
96 485 1
96 486 1
96 487 1
97 2 1
97 113 1
97 382 2
97 488 1
97 489 1
97 490 1
97 491 1
97 492 1
98 2 1
98 44 1
98 173 1
98 382 1
98 492 1
98 493 1
98 494 1
99 396 1
99 477 1
99 493 1
99 495 1
99 496 1
100 2 1
100 43 1
100 55 1
100 74 1
100 106 1
100 148 2
100 158 1
100 179 1
100 180 1
100 341 1
100 497 1
101 4 1
101 15 1
101 16 1
101 18 2
101 49 1
101 69 1
101 78 1
101 83 1
101 90 1
101 98 1
101 101 1
101 104 1
101 106 1
101 147 1
101 167 1
101 173 1
101 193 1
101 211 2
101 227 1
101 260 1
101 314 1
101 341 2
101 352 1
101 382 3
101 431 1
101 447 1
101 466 1
101 492 2
101 493 1
101 498 1
101 499 1
101 500 2
101 501 1
101 502 1
101 503 1
101 504 3
101 505 1
101 506 1
101 507 1
101 508 1
101 509 1
101 510 1
101 511 1
101 512 1
101 513 1
101 514 2
101 515 1
101 516 1
101 517 1
101 518 2
101 519 1
101 520 1
101 521 3
101 522 1
102 2 1
102 168 1
102 382 1
102 493 1
103 2 1
103 13 1
103 85 1
103 106 1
103 168 1
103 171 1
103 178 1
103 302 1
103 418 2
104 4 1
104 11 1
104 16 1
104 26 1
104 54 1
104 67 1
104 72 3
104 85 1
104 90 1
104 161 4
104 173 1
104 207 1
104 267 1
104 284 1
104 296 1
104 390 1
104 393 1
104 396 1
104 409 1
104 431 1
104 432 1
104 523 2
104 524 1
104 525 1
104 526 1
104 527 1
104 528 1
104 529 1
104 530 1
104 531 1
104 532 1
104 533 1
105 2 2
105 11 2
105 28 1
105 83 1
105 93 1
105 101 1
105 113 1
105 147 2
105 149 2
105 167 1
105 168 1
105 169 2
105 182 1
105 184 1
105 245 2
105 252 2
105 318 3
105 328 1
105 337 1
105 368 1
105 382 7
105 393 1
105 454 7
105 470 1
105 472 2
105 492 1
105 530 1
105 534 1
105 535 2
105 536 2
105 537 1
105 538 1
105 539 1
105 540 1
105 541 1
105 542 2
105 543 1
105 544 1
105 545 1
105 546 1
105 547 1
105 548 1
105 549 1
105 550 1
105 551 1
105 552 1
105 553 1
105 554 1
105 555 1
105 556 1
105 557 1
105 558 1
105 559 2
105 560 2
105 561 4
105 562 1
105 563 1
105 564 1
105 565 1
105 566 1
105 567 1
105 568 1
105 569 1
105 570 1
105 571 1
105 572 1
105 573 1
106 4 1
106 11 1
106 26 1
106 36 1
106 72 4
106 83 2
106 90 1
106 102 1
106 123 1
106 152 1
106 168 2
106 171 1
106 173 1
106 176 1
106 184 1
106 218 1
106 232 1
106 276 1
106 279 1
106 289 1
106 313 1
106 318 1
106 327 1
106 407 1
106 435 1
106 500 2
106 515 1
106 518 1
106 525 4
106 527 2
106 539 1
106 550 1
106 574 1
106 575 1
106 576 1
106 577 1
106 578 1
106 579 3
106 580 1
106 581 1
106 582 1
106 583 1
106 584 1
106 585 1
106 586 1
106 587 1
106 588 1
106 589 1
106 590 1
106 591 1
107 3 1
107 53 1
107 54 1
107 161 1
107 167 1
107 171 1
107 271 1
107 388 1
107 592 1
108 3 1
108 13 1
108 161 1
108 396 1
108 402 1
109 3 1
109 84 1
109 98 1
109 158 1
109 382 1
110 6 1
110 13 1
110 77 1
110 171 1
110 483 1
111 3 3
111 15 1
111 33 1
111 93 1
111 113 1
111 117 1
111 147 1
111 198 1
111 593 1
112 3 1
112 44 1
112 55 1
112 75 1
112 179 1
112 180 1
112 490 1
112 561 1
113 3 1
113 168 1
113 383 1
114 2 2
114 3 1
114 72 1
114 123 1
114 168 2
114 171 1
114 250 1
114 415 1
114 594 1
115 3 1
115 13 1
115 36 1
115 72 1
115 164 1
115 168 1
115 171 1
115 263 1
115 291 1
115 342 1
115 353 1
115 487 1
115 595 1
115 596 1
116 13 1
116 168 1
116 291 1
116 597 1
116 598 1
117 13 1
117 168 1
117 174 1
117 291 1
117 382 1
117 597 1
118 2 1
118 4 1
118 11 1
118 53 1
118 150 1
118 169 1
118 262 1
118 326 1
118 345 1
118 481 1
118 599 1
119 3 1
119 16 1
119 76 1
119 90 1
119 101 1
119 555 1
119 600 1
119 601 1
120 3 1
120 13 1
120 138 1
120 168 1
120 188 1
120 394 2
120 602 1
121 171 1
121 383 1
121 401 1
122 3 1
122 17 1
122 36 1
122 77 1
122 161 1
122 363 1
122 603 1
122 604 2
123 2 1
123 3 1
123 5 1
124 2 1
124 4 1
124 53 2
124 161 1
124 168 1
124 183 1
124 367 1
124 382 1
125 2 1
125 4 1
125 83 1
125 148 1
125 271 1
125 367 1
125 604 1
126 6 1
126 77 2
126 256 1
126 367 1
126 377 1
126 383 1
126 396 1
126 437 1
126 467 2
126 604 2
126 605 1
126 606 1
127 4 1
127 6 1
127 62 1
127 93 1
127 98 1
127 106 1
127 141 2
127 176 1
127 292 1
127 371 1
127 377 4
127 382 1
127 567 2
127 575 1
127 607 1
127 608 1
127 609 1
127 610 1
127 611 1
127 612 1
127 613 1
127 614 2
127 615 2
127 616 1
127 617 1
128 3 1
128 202 1
128 377 1
128 388 1
128 426 1
129 105 1
129 139 1
129 161 1
129 292 1
129 367 1
129 426 1
129 521 1
129 585 1
129 618 1
130 3 1
130 619 1
130 620 1
131 88 1
131 323 1
131 386 1
131 585 2
131 618 2
131 620 1
131 621 1
131 622 2
131 623 1
132 2 1
132 620 1
133 13 1
133 161 1
133 202 1
133 349 1
133 367 1
133 426 1
133 624 1
134 2 1
134 3 1
134 5 1
134 43 1
134 341 1
134 418 1
134 625 1
135 2 3
135 487 1
135 565 1
135 626 1
135 627 1
135 628 3
135 629 1
136 2 1
136 628 1
137 2 1
137 78 1
137 106 1
137 167 1
137 172 1
137 211 1
137 298 1
137 349 1
137 445 1
137 482 1
137 483 1
137 627 1
137 628 2
137 630 1
137 631 1
137 632 1
137 633 1
137 634 1
137 635 1
137 636 1
138 2 1
138 15 1
138 25 1
138 90 1
138 147 1
138 152 1
138 193 1
138 415 1
138 565 1
138 637 1
139 2 1
139 78 1
139 93 1
139 98 1
139 127 1
139 169 1
139 178 1
139 211 1
139 270 1
139 638 1
139 639 4
139 640 1
139 641 1
139 642 1
139 643 1
139 644 1
139 645 1
140 2 2
140 628 2
140 646 1
140 647 1
141 2 2
141 63 1
141 106 1
141 120 1
141 327 1
141 380 1
141 445 1
141 623 1
141 628 3
141 648 1
142 8 1
142 135 1
142 161 2
142 168 1
142 198 1
142 200 1
142 207 3
142 262 1
142 279 1
142 313 1
142 336 1
142 374 1
142 380 1
142 403 1
142 409 1
142 421 2
142 515 1
142 530 1
142 537 1
142 544 1
142 628 3
142 649 1
142 650 1
142 651 1
142 652 1
142 653 1
142 654 1
143 36 1
143 173 1
143 207 1
143 421 1
143 628 2
143 655 1
143 656 1
143 657 1
144 2 1
144 63 1
144 83 1
144 127 1
144 190 1
144 296 1
144 658 1
144 659 1
145 2 1
145 3 1
145 83 1
145 102 1
145 164 1
145 331 1
145 335 1
145 341 1
145 351 1
145 382 1
145 503 2
145 528 2
145 660 1
145 661 2
145 662 1
145 663 1
145 664 1
145 665 1
145 666 1
145 667 1
145 668 1
145 669 1
146 13 1
146 25 2
146 36 1
146 54 1
146 101 1
146 104 1
146 105 1
146 106 1
146 111 1
146 139 3
146 161 1
146 162 1
146 167 1
146 184 1
146 258 1
146 325 1
146 467 1
146 514 2
146 589 1
146 627 1
146 628 3
146 642 1
146 658 1
146 670 1
146 671 1
146 672 1
146 673 2
146 674 2
146 675 1
146 676 2
146 677 1
146 678 1
146 679 1
146 680 2
146 681 1
146 682 2
147 26 1
147 63 4
147 67 1
147 127 1
147 255 1
147 296 1
147 628 3
147 642 1
147 683 1
147 684 1
147 685 1
147 686 1
147 687 1
147 688 1
147 689 1
147 690 1
147 691 1
147 692 1
148 49 1
148 63 2
148 90 1
148 105 1
148 127 1
148 198 1
148 200 1
148 201 1
148 447 1
148 483 2
148 572 1
148 693 1
148 694 1
148 695 1
148 696 1
149 2 1
149 6 1
149 367 1
149 382 1
149 628 1
149 658 1
150 2 1
150 238 1
150 367 1
150 382 1
150 628 1
150 642 1
150 697 1
151 16 2
151 62 3
151 99 1
151 211 1
151 240 1
151 336 1
151 346 1
151 361 1
151 378 1
151 380 2
151 530 1
151 596 1
151 628 3
151 631 1
151 698 1
151 699 1
151 700 1
151 701 2
151 702 1
151 703 1
151 704 1
151 705 4
151 706 1
151 707 7
151 708 1
151 709 1
152 2 1
152 6 1
152 28 1
152 83 1
152 161 1
152 193 2
152 270 2
152 271 1
152 349 1
152 429 1
152 430 1
152 466 2
152 483 1
152 490 1
152 582 1
152 710 1
152 711 1
152 712 1
152 713 1
152 714 1
152 715 1
152 716 1
152 717 1
152 718 1
153 193 2
153 209 1
153 312 1
153 705 1
153 707 1
153 719 1
154 2 1
154 193 1
154 293 1
154 711 1
154 717 1
154 720 1
154 721 1
154 722 1
155 2 3
155 3 2
155 43 1
155 44 1
155 48 1
155 49 1
155 77 1
155 147 1
155 164 1
155 212 1
155 723 1
155 724 1
156 83 1
156 85 1
156 127 1
156 390 1
156 459 1
156 465 1
156 491 1
156 628 1
156 642 1
156 697 1
156 707 1
156 725 1
156 726 1
156 727 1
157 2 3
157 16 1
157 54 1
157 72 2
157 96 1
157 106 2
157 207 1
157 218 1
157 248 1
157 308 1
157 518 1
157 550 1
157 628 4
157 630 1
157 650 1
157 657 1
157 728 1
157 729 1
157 730 1
157 731 2
157 732 2
158 2 1
158 6 1
158 9 1
158 42 1
158 90 1
158 96 1
158 97 1
158 103 1
158 306 1
158 627 1
158 733 1
158 734 1
159 16 1
159 36 2
159 48 2
159 90 1
159 96 1
159 101 1
159 162 2
159 312 1
159 325 1
159 487 1
159 514 2
159 539 1
159 639 1
159 671 2
159 735 1
159 736 1
159 737 1
159 738 1
160 2 1
160 403 1
160 628 1
160 739 1
161 2 1
161 628 1
161 629 1
161 740 1
162 17 1
162 167 1
162 211 1
162 409 1
162 491 1
162 627 1
162 628 1
162 741 1
162 742 1
162 743 1
162 744 1
163 2 1
163 331 1
163 628 1
163 745 1
163 746 1
163 747 1
164 93 1
164 117 1
164 377 2
164 628 1
164 748 1
164 749 1
164 750 1
164 751 1
165 628 1
165 725 1
166 2 1
166 3 2
166 14 1
166 15 1
166 19 1
166 55 1
166 67 1
166 86 1
166 271 1
166 723 1
167 2 1
167 3 1
167 54 1
167 83 1
167 105 1
167 161 1
167 164 1
167 168 1
167 250 1
167 752 1
168 36 1
168 85 1
168 302 1
168 628 1
168 753 1
168 754 1
169 492 1
169 628 1
169 755 1
169 756 1
170 2 1
170 3 1
170 6 1
170 37 1
170 48 1
170 54 1
170 85 2
170 106 1
170 138 1
170 147 3
170 183 1
170 231 1
170 383 1
170 390 1
170 396 1
170 431 1
170 447 1
170 490 1
170 492 1
170 561 1
170 607 1
170 628 4
170 670 1
170 707 5
170 733 1
170 757 1
170 758 1
170 759 2
170 760 1
170 761 1
170 762 1
170 763 1
170 764 1
170 765 1
170 766 1
170 767 1
170 768 1
170 769 1
170 770 2
170 771 1
170 772 2
170 773 1
170 774 1
170 775 1
170 776 1
170 777 1
170 778 1
170 779 1
170 780 1
171 2 1
171 302 1
171 628 1
171 747 1
171 781 1
171 782 1
171 783 1
171 784 1
172 2 1
172 147 1
172 445 1
172 628 1
172 629 1
172 785 1
173 2 2
173 3 1
173 30 1
173 50 3
173 54 1
173 78 1
173 174 1
173 207 1
173 259 1
173 271 1
173 409 1
173 466 1
173 469 1
173 534 1
173 561 1
173 628 2
173 735 1
173 739 1
173 786 1
173 787 1
173 788 1
173 789 1
173 790 1
173 791 1
173 792 1
173 793 2
173 794 1
173 795 1
173 796 1
174 2 1
174 36 1
174 49 1
174 78 2
174 85 1
174 93 3
174 341 1
174 447 1
174 621 1
174 628 2
174 797 1
174 798 1
174 799 1
174 800 2
174 801 1
174 802 1
175 2 1
175 106 1
175 198 1
175 628 2
175 670 1
175 747 1
175 784 1
175 803 1
176 2 1
176 96 1
176 173 1
176 585 1
176 628 1
176 804 1
177 77 1
177 106 1
177 158 1
177 161 1
177 341 2
177 431 1
177 550 1
178 127 1
178 167 1
179 4 1
179 101 1
179 169 1
179 178 1
179 227 1
179 270 1
179 292 1
179 514 1
179 628 1
179 638 1
179 639 4
179 643 1
179 645 1
179 805 1
179 806 1
179 807 1
179 808 1
180 127 1
180 447 1
180 487 1
180 809 1
180 810 1
181 2 1
181 6 1
181 49 1
181 106 1
181 164 1
181 167 1
181 202 1
181 403 1
181 565 1
181 628 2
181 658 1
181 747 1
181 811 1
182 11 1
182 163 1
182 262 1
182 277 1
182 628 1
182 674 1
182 747 1
182 812 1
182 813 1
182 814 1
182 815 1
183 2 1
183 193 1
183 582 1
183 658 1
183 705 1
183 816 1
183 817 1
184 2 1
184 565 1
184 818 1
184 819 1
185 90 1
185 341 1
185 447 1
185 491 1
185 492 1
185 628 1
185 632 1
185 646 1
185 820 1
185 821 1
186 2 1
186 17 1
186 147 1
186 445 1
186 565 1
186 628 1
186 629 1
186 743 1
187 2 1
187 444 1
187 445 1
187 629 1
188 3 2
188 77 2
188 83 1
188 105 1
188 125 1
188 128 1
188 139 1
188 160 1
188 176 1
188 211 1
188 262 1
188 277 1
188 327 1
188 345 1
188 431 1
188 547 1
188 723 2
188 772 1
188 813 1
188 822 1
188 823 1
188 824 1
188 825 1
188 826 1
188 827 1
188 828 1
188 829 1
188 830 1
188 831 1
188 832 1
188 833 1
188 834 1
189 2 3
189 409 1
189 525 1
189 582 1
189 658 1
189 659 1
189 835 1
189 836 1
189 837 1
190 487 1
190 628 1
190 636 1
190 743 1
191 2 1
191 106 1
191 167 1
191 627 1
191 838 1
191 839 1
192 2 1
192 3 1
192 4 1
192 148 1
192 382 1
192 628 1
192 641 1
192 642 1
192 840 1
192 841 1
193 2 1
193 178 1
193 382 1
193 842 1
194 3 1
194 174 1
194 262 1
194 387 1
194 628 1
194 658 1
194 843 1
195 4 1
195 50 2
195 148 1
195 628 1
196 2 1
196 3 1
196 19 1
196 48 1
196 331 1
196 367 1
197 2 1
197 3 1
197 4 1
197 148 1
197 357 1
197 367 1
197 604 1
198 3 2
198 11 1
198 43 2
198 72 1
198 75 1
198 233 1
198 271 1
198 317 1
198 367 1
198 604 1
198 844 1
198 845 1
199 491 1
199 846 1
200 75 1
200 85 1
200 148 1
200 202 1
200 367 1
200 503 1
200 596 1
200 847 1
200 848 1
200 849 1
201 77 1
201 320 1
201 377 1
201 850 1
202 6 1
202 77 1
202 183 1
202 382 2
202 851 1
202 852 1
202 853 1
203 3 1
203 83 1
203 161 1
203 377 1
203 854 1
204 3 1
204 6 1
204 211 1
204 229 1
204 377 1
204 604 1
204 855 1
205 3 1
205 4 1
205 94 1
205 388 1
205 508 1
205 758 1
205 856 1
205 857 1
205 858 1
206 2 1
206 3 1
206 50 1
207 2 1
207 3 1
207 4 1
207 50 1
207 76 1
208 2 1
208 3 2
208 859 2
209 77 1
209 113 1
209 161 1
209 271 1
209 284 1
209 341 1
209 424 1
209 713 1
209 860 1
209 861 1
209 862 1
210 2 2
210 3 1
210 50 5
210 106 1
210 161 1
210 231 1
210 245 1
210 291 1
210 318 1
210 503 1
210 739 1
210 773 1
210 863 1
210 864 1
210 865 1
210 866 1
210 867 2
210 868 1
210 869 1
210 870 1
211 3 2
211 36 1
211 50 1
211 77 1
211 83 1
211 93 1
211 117 1
211 329 1
211 567 1
211 859 3
211 871 1
211 872 1
212 72 1
212 85 1
212 390 1
212 409 1
212 447 1
212 581 1
212 859 3
212 873 1
212 874 1
212 875 1
212 876 2
212 877 1
212 878 1
212 879 1
213 3 1
213 164 1
213 880 1
214 2 2
214 3 2
214 48 1
214 56 1
214 604 1
214 881 1
214 882 2
215 3 1
215 387 1
215 739 1
215 881 1
215 883 1
216 2 1
216 3 1
216 606 1
216 884 1
216 885 1
217 3 1
217 388 1
217 886 1
218 2 1
218 3 1
218 601 1
218 887 1
219 2 1
219 3 2
219 6 1
219 11 1
219 15 1
219 50 3
219 57 1
219 167 5
219 183 1
219 229 1
219 236 1
219 294 1
219 390 1
219 508 1
219 516 1
219 517 5
219 530 1
219 585 1
219 864 1
219 880 1
219 888 1
219 889 1
219 890 1
219 891 1
219 892 2
219 893 1
219 894 1
219 895 3
219 896 1
219 897 1
220 3 1
220 158 1
220 243 1
220 898 1
221 3 1
221 72 1
221 86 1
221 161 1
221 163 1
221 164 1
221 176 1
221 327 1
221 899 1
221 900 1
221 901 1
222 2 1
222 403 1
222 628 2
222 739 1
222 902 1
222 903 1
222 904 1
223 2 1
223 3 1
223 905 1
224 50 1
224 167 1
224 718 1
224 888 1
224 906 1
224 907 1
225 2 1
225 3 2
225 50 2
225 85 1
225 211 1
225 635 1
225 775 2
226 3 1
226 6 1
226 16 1
226 36 1
226 62 1
226 77 1
226 90 1
226 101 2
226 148 1
226 218 1
226 229 2
226 245 1
226 248 1
226 327 1
226 535 1
226 730 1
226 775 3
226 908 1
226 909 1
226 910 1
226 911 1
226 912 1
227 2 1
227 6 1
227 50 1
227 77 1
227 167 1
227 240 1
227 360 1
227 528 1
227 913 1
227 914 1
227 915 1
227 916 1
228 2 1
228 4 1
228 50 1
228 528 1
228 917 1
229 2 1
229 3 1
229 4 1
229 50 2
229 106 1
229 527 1
229 918 1
229 919 1
230 50 2
230 106 1
230 209 1
230 401 1
230 839 1
231 4 1
231 50 2
231 167 1
231 920 1
231 921 1
232 77 1
232 161 1
232 387 1
232 661 1
232 834 1
232 922 1
232 923 1
233 2 1
233 33 1
233 50 2
233 69 1
233 85 1
233 211 1
233 236 1
233 251 1
233 553 1
233 924 1
233 925 1
234 2 1
234 13 1
234 50 2
234 65 2
234 72 1
234 77 1
234 101 1
234 183 1
234 238 1
234 245 1
234 289 1
234 331 2
234 430 1
234 550 1
234 707 1
234 926 1
234 927 2
234 928 1
234 929 2
234 930 2
234 931 1
234 932 2
234 933 1
234 934 2
235 2 1
235 4 1
235 59 1
235 121 1
235 238 1
235 635 1
235 935 1
236 3 3
236 4 1
236 6 2
236 11 2
236 18 2
236 29 1
236 36 3
236 41 1
236 53 7
236 62 4
236 77 1
236 83 1
236 88 2
236 90 1
236 101 1
236 121 1
236 147 1
236 148 4
236 160 1
236 162 1
236 163 1
236 209 3
236 231 1
236 245 2
236 248 1
236 269 1
236 271 1
236 281 2
236 294 1
236 305 1
236 318 1
236 327 1
236 356 1
236 363 2
236 377 3
236 421 2
236 467 1
236 499 1
236 550 1
236 604 3
236 619 2
236 770 3
236 775 4
236 823 1
236 847 4
236 854 3
236 857 1
236 936 1
236 937 1
236 938 1
236 939 1
236 940 1
236 941 1
236 942 2
236 943 1
236 944 1
236 945 1
236 946 1
236 947 1
236 948 1
236 949 1
236 950 1
236 951 4
236 952 1
236 953 1
236 954 1
236 955 1
236 956 1
236 957 1
237 3 1
237 50 1
237 65 2
237 167 2
237 211 1
237 409 1
237 560 1
237 730 1
237 747 1
237 958 1
237 959 1
237 960 1
237 961 1
237 962 1
238 2 1
238 4 1
238 11 2
238 50 6
238 56 1
238 65 1
238 76 4
238 78 2
238 85 1
238 94 1
238 96 1
238 106 1
238 113 1
238 164 1
238 178 1
238 182 1
238 188 1
238 211 1
238 224 1
238 249 1
238 283 1
238 294 2
238 323 1
238 339 1
238 361 1
238 401 2
238 409 3
238 426 1
238 487 1
238 560 1
238 717 1
238 821 1
238 909 2
238 955 1
238 959 1
238 961 1
238 963 1
238 964 1
238 965 2
238 966 1
238 967 1
238 968 1
238 969 1
238 970 2
238 971 1
238 972 1
238 973 1
239 3 1
239 76 2
239 388 1
239 974 1
240 3 1
240 76 1
240 149 1
240 233 1
240 975 1
240 976 1
241 2 1
241 3 2
241 65 1
241 167 1
241 269 1
241 332 1
241 380 1
241 426 2
241 503 1
241 976 1
241 977 1
241 978 1
241 979 1
241 980 1
242 2 1
242 53 1
242 65 1
242 167 1
242 306 1
242 380 1
242 426 1
242 976 1
243 2 1
243 3 1
243 45 1
243 59 1
243 62 1
243 78 1
243 83 1
243 93 1
243 164 1
243 173 1
243 176 1
243 183 1
243 188 1
243 251 1
243 262 1
243 291 1
243 356 2
243 380 1
243 547 2
243 973 2
243 981 1
243 982 1
243 983 1
243 984 1
243 985 1
243 986 1
243 987 1
244 2 1
244 33 1
244 49 1
244 50 1
244 56 1
244 90 1
244 106 1
244 146 1
244 154 2
244 552 1
244 567 1
244 706 1
244 865 1
244 950 1
244 988 1
244 989 1
244 990 1
244 991 1
244 992 1
244 993 1
245 16 1
245 50 1
245 62 1
245 83 1
245 163 1
245 270 1
245 454 1
245 561 1
245 993 1
245 994 1
245 995 1
246 3 1
246 76 1
246 141 1
246 401 1
246 462 1
246 996 1
246 997 1
247 3 2
247 36 1
247 40 1
247 49 1
247 50 4
247 56 1
247 62 1
247 76 2
247 83 1
247 211 1
247 212 1
247 318 1
247 339 1
247 358 1
247 363 1
247 426 1
247 713 1
247 769 1
247 821 1
247 997 2
247 998 1
247 999 2
247 1000 1
247 1001 1
248 3 1
248 48 1
248 76 1
248 148 1
249 3 1
249 33 1
249 53 3
249 62 1
249 76 2
249 262 1
249 503 1
249 996 1
249 1002 1
249 1003 1
250 76 1
250 194 1
250 485 1
250 999 1
251 1 1
251 4 3
251 16 1
251 76 2
251 90 5
251 183 1
251 251 1
251 258 2
251 269 1
251 327 1
251 363 1
251 477 1
251 487 1
251 522 1
251 570 1
251 679 1
251 946 1
251 976 1
251 978 1
251 1004 1
251 1005 1
251 1006 1
251 1007 1
251 1008 1
251 1009 1
251 1010 1
251 1011 1
252 33 1
252 40 1
252 48 1
252 76 1
252 158 1
252 188 1
252 339 1
252 341 1
252 997 1
253 4 1
253 50 1
253 77 1
253 167 1
253 240 1
253 426 1
253 487 1
253 933 1
254 3 1
254 30 1
254 49 1
254 56 1
254 59 2
254 72 1
254 77 1
254 83 2
254 93 1
254 105 1
254 147 1
254 164 1
254 174 1
254 176 1
254 229 1
254 262 1
254 265 1
254 318 1
254 337 1
254 360 1
254 429 2
254 431 1
254 503 1
254 547 1
254 553 1
254 565 1
254 601 3
254 730 1
254 747 1
254 771 1
254 834 1
254 864 1
254 900 2
254 914 1
254 951 2
254 1012 1
254 1013 1
254 1014 1
254 1015 1
254 1016 1
254 1017 2
254 1018 1
254 1019 2
254 1020 1
254 1021 1
254 1022 1
254 1023 1
254 1024 1
254 1025 1
254 1026 1
254 1027 1
254 1028 1
254 1029 1
254 1030 1
254 1031 1
254 1032 1
254 1033 1
255 3 1
255 48 1
255 50 2
255 76 1
255 77 1
255 328 1
255 388 1
255 1034 1
256 2 1
256 3 1
256 4 1
256 1035 1
256 1036 1
256 1037 1
257 1035 1
257 1036 1
258 2 1
258 3 1
258 77 1
258 148 1
258 195 1
258 243 1
258 642 1
258 975 1
259 2 1
259 3 1
259 77 1
259 243 1
259 1038 1
260 3 1
260 46 1
260 53 1
260 54 1
260 62 1
260 77 1
260 148 1
260 239 1
260 340 1
261 53 1
261 77 1
261 78 1
261 161 1
261 188 1
261 388 1
261 886 1
261 1039 1
262 6 1
262 26 1
262 49 1
262 56 1
262 77 2
262 88 1
262 161 1
262 188 1
262 211 1
262 231 1
262 243 1
262 623 1
262 1038 1
262 1040 1
263 3 1
263 4 1
263 121 1
263 198 1
263 272 1
263 276 1
264 3 1
264 1036 1
264 1041 1
265 45 1
265 77 1
265 253 1
265 561 1
265 1042 1
266 13 1
266 240 2
266 1036 1
266 1041 1
267 3 1
267 6 1
267 138 1
267 1036 1
268 3 1
268 22 2
268 46 1
268 77 1
268 101 2
268 106 1
268 147 1
268 148 1
268 213 1
268 231 1
268 233 2
268 243 3
268 283 1
268 292 1
268 303 1
268 315 1
268 393 2
268 483 1
268 591 1
268 963 1
268 1038 4
268 1043 1
268 1044 1
268 1045 2
268 1046 3
268 1047 1
268 1048 1
268 1049 1
268 1050 1
268 1051 1
268 1052 1
269 3 2
269 46 1
269 619 2
269 963 1
270 3 2
270 6 1
270 50 1
270 54 2
270 77 1
270 78 1
270 239 2
270 276 1
270 1053 1
271 4 1
271 46 1
271 147 1
271 222 1
271 233 1
271 276 1
271 283 1
271 325 1
271 371 1
271 1053 1
272 6 1
272 53 1
272 93 1
272 183 1
272 886 1
272 1054 1
272 1055 1
273 6 1
273 13 1
273 77 2
273 243 1
273 1038 1
274 3 1
274 951 1
274 1056 1
274 1057 1
274 1058 1
275 3 2
275 6 1
275 45 3
275 77 1
275 561 1
275 834 2
276 2 1
276 3 1
276 4 1
276 1059 1
276 1060 1
277 3 1
277 13 1
277 46 1
277 48 1
277 90 1
277 283 1
277 447 1
277 1059 1
277 1061 1
277 1062 1
277 1063 1
278 2 1
278 3 2
278 46 2
278 50 1
278 78 1
278 83 1
278 90 1
278 124 1
278 222 1
278 245 1
278 271 1
278 283 3
278 327 1
278 556 1
278 579 2
278 883 1
278 935 2
278 1044 1
278 1045 1
278 1060 1
278 1064 1
278 1065 1
278 1066 1
278 1067 1
278 1068 1
278 1069 1
279 3 2
279 5 2
279 6 1
279 11 2
279 12 1
279 13 1
279 36 2
279 46 6
279 53 1
279 59 1
279 62 1
279 69 1
279 78 2
279 90 1
279 139 1
279 147 1
279 149 2
279 152 1
279 160 1
279 207 1
279 222 1
279 251 1
279 253 1
279 279 1
279 283 10
279 290 1
279 325 1
279 327 1
279 388 2
279 458 1
279 509 1
279 539 1
279 592 1
279 642 1
279 929 2
279 946 1
279 963 1
279 1023 1
279 1046 1
279 1050 1
279 1051 1
279 1070 1
279 1071 1
279 1072 1
279 1073 1
279 1074 1
280 2 1
280 11 1
280 50 1
280 53 1
280 78 4
280 90 1
280 101 4
280 139 2
280 231 1
280 245 2
280 283 4
280 323 2
280 327 1
280 539 1
280 935 5
280 995 1
280 1023 1
280 1060 2
280 1061 1
280 1074 1
280 1075 1
280 1076 1
280 1077 1
280 1078 1
280 1079 1
280 1080 1
281 2 1
281 16 1
281 46 2
281 49 1
281 78 1
281 90 1
281 283 1
281 1081 1
281 1082 1
282 2 1
282 4 1
282 27 1
282 50 1
282 65 1
282 143 1
282 232 1
282 928 1
282 929 1
282 930 1
283 2 1
283 11 1
283 16 1
283 27 1
283 36 1
283 46 2
283 50 1
283 53 2
283 65 2
283 67 1
283 68 2
283 72 1
283 77 1
283 78 1
283 90 1
283 93 1
283 99 1
283 101 1
283 104 1
283 137 1
283 184 1
283 213 1
283 224 1
283 269 1
283 283 1
283 289 2
283 312 1
283 328 1
283 401 1
283 539 1
283 550 2
283 567 2
283 589 1
283 612 1
283 927 1
283 928 2
283 929 1
283 933 1
283 934 1
283 963 1
283 1081 1
283 1083 1
283 1084 1
283 1085 2
283 1086 2
283 1087 1
283 1088 1
283 1089 1
284 2 1
284 36 1
284 42 1
284 43 1
284 46 1
284 50 2
284 78 1
284 81 1
284 207 1
284 250 1
284 251 1
284 327 1
284 1029 1
284 1050 1
285 3 1
285 26 1
285 28 1
285 49 1
285 65 1
285 327 1
285 1063 1
285 1090 1
285 1091 1
285 1092 1
286 2 2
286 49 1
286 77 2
286 168 1
286 547 2
286 932 1
286 1014 1
286 1031 1
286 1093 1
287 3 1
287 33 1
287 62 1
287 168 1
287 182 1
287 848 1
288 3 1
288 40 1
288 42 1
288 43 1
288 117 1
288 325 1
288 950 1
289 3 1
289 56 1
289 93 1
289 128 1
289 358 1
289 1094 1
289 1095 1
289 1096 1
289 1097 1
290 2 1
290 38 1
290 53 1
290 65 2
290 72 1
290 90 1
290 93 1
290 164 1
290 168 1
290 267 1
290 360 1
290 705 2
290 935 1
290 1050 1
290 1057 1
290 1098 1
290 1099 1
290 1100 1
290 1101 1
290 1102 1
290 1103 1
290 1104 1
291 3 1
291 50 1
291 53 1
291 76 1
291 161 1
291 167 1
291 173 1
291 211 1
291 243 1
291 487 1
291 1104 1
291 1105 1
291 1106 1
292 3 1
292 16 1
292 33 1
292 50 1
292 65 1
292 90 1
292 147 1
292 167 1
292 318 1
292 487 1
292 526 1
292 1067 1
292 1104 2
292 1107 1
292 1108 1
292 1109 1
292 1110 1
293 50 1
293 83 1
293 90 1
293 139 1
293 148 1
293 167 1
293 328 1
293 401 1
293 498 1
293 935 2
293 1111 1
293 1112 2
294 2 1
294 1067 1
294 1104 1
295 2 1
295 3 1
295 871 1
295 1067 1
295 1104 1
296 3 1
296 139 1
296 161 1
296 268 1
296 832 1
296 1104 2
296 1113 1
296 1114 1
296 1115 1
296 1116 1
296 1117 1
296 1118 1
296 1119 1
297 2 1
297 11 1
297 48 1
297 77 1
297 83 1
297 164 1
297 262 1
297 269 1
297 278 1
297 318 2
297 386 1
297 431 2
297 547 1
297 623 1
297 635 1
297 823 1
297 900 1
297 932 1
297 1011 1
297 1023 1
297 1033 1
297 1120 1
297 1121 1
298 2 1
298 65 1
298 250 2
298 1122 1
299 3 4
299 4 2
299 6 1
299 46 2
299 50 1
299 56 10
299 229 2
299 248 1
299 250 1
299 251 1
299 267 1
299 337 2
299 426 5
299 447 3
299 503 4
299 530 1
299 584 1
299 654 1
299 706 2
299 885 1
299 888 1
299 970 2
299 1123 1
299 1124 1
299 1125 1
299 1126 2
299 1127 4
299 1128 1
299 1129 1
299 1130 4
299 1131 2
299 1132 5
299 1133 1
299 1134 1
299 1135 2
299 1136 1
299 1137 2
300 13 1
300 238 1
300 503 1
300 935 1
300 1138 1
301 2 1
301 3 1
301 13 1
301 50 1
301 59 1
301 72 1
301 95 1
301 101 1
301 121 2
301 147 1
301 198 4
301 229 1
301 238 2
301 635 2
301 935 3
301 1073 1
301 1097 1
301 1139 1
301 1140 2
301 1141 1
301 1142 1
301 1143 1
301 1144 1
301 1145 1
302 3 1
302 13 1
302 56 1
302 183 1
302 211 1
302 243 1
302 250 1
302 270 1
302 271 1
302 313 1
302 401 1
302 503 1
302 1038 1
302 1112 3
302 1146 1
302 1147 1
302 1148 1
302 1149 2
302 1150 1
303 3 1
303 41 1
303 48 2
303 49 1
303 56 1
303 85 1
303 90 1
303 161 3
303 176 1
303 231 1
303 245 1
303 251 1
303 306 1
303 308 1
303 327 1
303 374 2
303 448 1
303 539 1
303 564 1
303 615 1
303 725 1
303 872 1
303 1046 1
303 1112 1
303 1151 1
303 1152 1
303 1153 1
303 1154 1
303 1155 1
304 4 1
304 50 1
304 90 1
304 250 1
304 306 1
304 325 1
304 1097 1
304 1156 1
305 16 1
305 20 1
305 46 1
305 51 1
305 56 1
305 59 1
305 106 1
305 121 2
305 130 1
305 167 1
305 198 1
305 229 1
305 251 1
305 380 1
305 401 1
305 918 1
305 935 2
305 1131 1
305 1134 1
305 1157 1
305 1158 1
305 1159 1
305 1160 1
306 3 2
306 46 1
306 50 1
306 56 1
306 62 1
306 167 1
306 885 1
306 1134 1
306 1161 2
306 1162 1
307 33 1
307 50 1
307 78 1
307 85 1
307 161 3
307 167 1
307 173 2
307 195 1
307 321 1
307 352 1
307 359 1
307 360 1
307 899 1
307 1062 1
307 1104 1
307 1163 1
307 1164 1
307 1165 1
308 3 2
308 16 1
308 74 1
308 90 2
308 93 2
308 99 2
308 107 1
308 158 1
308 243 1
308 261 1
308 270 1
308 277 1
308 283 1
308 339 1
308 514 1
308 530 1
308 551 1
308 561 2
308 723 2
308 960 1
308 970 1
308 1040 1
308 1111 2
308 1128 1
308 1151 1
308 1166 1
308 1167 1
308 1168 2
308 1169 1
308 1170 1
308 1171 1
308 1172 1
308 1173 1
309 2 1
309 42 1
309 49 1
309 106 1
309 158 1
309 211 1
309 264 1
309 935 1
309 991 1
309 1104 1
309 1174 1
309 1175 1
309 1176 1
310 3 2
310 16 1
310 49 1
310 585 1
310 1067 1
310 1104 2
310 1177 1
310 1178 1
310 1179 1
311 2 1
311 3 1
311 49 1
311 56 1
311 458 1
311 1180 1
312 13 1
312 39 1
312 50 1
312 54 1
312 117 1
312 167 1
312 183 1
312 447 1
312 515 1
312 550 1
312 567 1
312 723 1
312 730 1
312 912 1
312 935 5
312 1030 1
312 1057 1
312 1062 1
312 1180 2
312 1181 1
312 1182 2
312 1183 1
312 1184 1
313 2 1
313 3 1
313 1097 1
313 1180 1
314 250 1
314 426 1
314 935 1
314 1185 1
314 1186 1
315 2 1
315 106 1
315 430 2
315 963 1
315 1187 1
316 2 1
316 3 1
316 255 1
316 871 1
316 1104 1
316 1175 1
317 85 1
317 121 1
317 161 1
317 173 2
317 276 1
317 326 1
317 396 1
317 1104 1
317 1188 1
317 1189 1
318 2 1
318 3 4
318 4 1
318 11 3
318 16 2
318 28 1
318 36 3
318 46 1
318 67 1
318 72 1
318 74 1
318 78 2
318 90 6
318 93 3
318 97 2
318 99 2
318 101 1
318 103 2
318 104 1
318 107 1
318 131 1
318 133 1
318 135 1
318 139 1
318 147 1
318 180 1
318 213 1
318 222 1
318 245 2
318 264 1
318 270 1
318 277 1
318 290 2
318 296 2
318 361 1
318 377 1
318 386 1
318 491 2
318 514 2
318 530 2
318 548 1
318 561 1
318 650 1
318 723 2
318 753 1
318 829 1
318 860 1
318 888 1
318 907 1
318 930 1
318 970 3
318 974 1
318 1020 2
318 1042 1
318 1077 1
318 1111 1
318 1157 1
318 1168 2
318 1190 1
318 1191 1
318 1192 1
318 1193 2
318 1194 1
318 1195 1
318 1196 1
318 1197 1
318 1198 2
318 1199 1
318 1200 1
318 1201 2
318 1202 1
318 1203 1
318 1204 1
318 1205 1
318 1206 1
318 1207 1
318 1208 1
318 1209 1
318 1210 1
318 1211 1
318 1212 1
318 1213 1
319 15 1
319 85 1
319 173 1
319 250 1
319 337 2
319 798 1
319 1093 1
319 1104 2
319 1112 2
319 1214 1
320 2 1
320 3 1
320 17 1
320 50 3
320 211 1
320 236 1
320 485 1
320 1215 1
320 1216 1
320 1217 1
320 1218 1
321 2 1
321 3 1
321 49 1
321 50 2
321 56 1
321 72 1
321 77 2
321 291 1
321 485 1
321 1063 1
322 2 1
322 3 1
322 50 2
322 106 1
322 527 1
322 918 1
322 919 1
322 1097 1
323 33 2
323 50 1
323 65 1
323 85 1
323 229 1
323 235 1
323 251 1
323 267 1
323 276 1
323 290 1
323 326 1
323 401 1
323 459 1
323 528 1
323 935 1
323 1102 2
323 1104 1
323 1219 1
323 1220 1
323 1221 1
323 1222 1
324 2 1
324 3 1
324 69 1
324 76 1
324 211 1
324 286 1
324 935 3
324 1046 1
324 1223 1
324 1224 1
324 1225 1
325 2 1
325 3 1
325 168 1
325 1046 1
326 121 1
326 337 1
326 935 1
327 2 1
327 5 1
327 121 1
327 198 1
327 238 1
327 935 1
328 2 1
328 3 1
328 46 2
328 188 1
328 315 1
328 963 1
329 17 1
329 96 1
329 236 1
329 679 1
329 1226 1
329 1227 1
330 3 1
330 16 1
330 48 1
330 50 2
330 78 1
330 269 1
330 561 1
330 675 1
330 723 1
330 1198 1
330 1228 1
330 1229 1
330 1230 1
331 2 1
331 3 1
331 50 3
331 51 1
331 85 1
331 121 1
331 160 1
331 167 1
331 882 1
331 1131 2
332 11 1
332 17 1
332 50 2
332 65 2
332 85 1
332 106 1
332 121 2
332 160 1
332 163 1
332 167 2
332 232 1
332 250 2
332 251 1
332 426 2
332 459 1
332 497 1
332 856 1
332 935 2
332 1071 1
332 1104 4
332 1216 4
332 1231 1
333 46 1
333 49 1
333 56 1
333 65 1
333 76 1
333 121 2
333 141 1
333 229 1
333 377 1
333 401 1
333 426 1
333 935 2
333 1232 1
334 2 1
334 11 1
334 13 1
334 36 1
334 50 1
334 77 1
334 85 1
334 106 1
334 167 1
334 426 1
334 1104 2
334 1233 1
334 1234 1
334 1235 1
335 3 1
335 46 2
335 56 1
335 85 1
335 148 1
335 251 1
335 396 2
335 491 1
335 503 1
335 1057 1
336 2 1
336 4 1
336 36 1
336 53 1
336 77 2
336 86 1
336 92 1
336 119 1
336 133 1
336 137 1
336 167 1
336 485 2
336 1215 1
336 1236 1
336 1237 1
337 3 2
337 39 1
337 77 2
337 161 2
337 167 1
337 173 1
337 191 1
337 229 1
337 235 1
337 262 2
337 271 1
337 327 1
337 388 1
337 530 1
337 797 1
337 1238 1
337 1239 2
337 1240 1
338 2 2
338 3 1
338 27 1
338 46 1
338 106 1
338 352 1
338 963 1
339 13 1
339 46 2
339 76 1
339 167 1
339 211 1
339 250 3
339 341 1
339 935 1
339 963 2
339 1049 1
339 1232 1
340 13 1
340 46 1
340 90 1
340 152 1
340 250 1
340 963 1
341 3 6
341 11 2
341 16 1
341 67 1
341 72 3
341 74 1
341 78 1
341 90 4
341 93 3
341 97 1
341 103 1
341 109 4
341 114 1
341 121 1
341 147 1
341 160 1
341 167 1
341 170 1
341 209 1
341 243 2
341 270 1
341 271 1
341 277 1
341 380 2
341 447 1
341 491 1
341 543 1
341 548 2
341 561 6
341 587 1
341 654 1
341 706 1
341 723 2
341 727 2
341 860 3
341 909 1
341 970 2
341 1026 1
341 1029 1
341 1044 1
341 1169 1
341 1241 1
341 1242 1
341 1243 1
341 1244 1
341 1245 1
342 3 2
342 56 1
342 117 1
342 172 1
342 291 1
342 315 1
342 591 1
342 675 1
342 935 2
342 1104 1
342 1163 1
343 93 1
343 101 1
343 211 1
343 236 1
343 250 1
343 399 1
343 401 1
343 773 1
343 1246 1
344 13 1
344 46 2
344 49 1
344 50 1
344 65 1
344 77 1
344 121 1
344 211 1
344 289 1
344 315 1
344 359 1
344 401 1
344 490 1
344 935 1
344 1247 1
344 1248 1
345 2 1
345 46 1
345 494 1
346 46 1
346 65 1
346 158 2
346 1046 1
346 1067 1
346 1104 1
346 1249 1
346 1250 1
347 3 1
347 65 1
347 138 1
347 401 1
347 519 1
347 800 1
347 920 1
347 1104 1
348 46 1
348 67 1
348 189 1
348 963 1
348 1067 1
348 1104 1
349 2 1
349 65 2
349 67 1
349 935 1
349 1079 1
349 1232 1
349 1251 1
349 1252 1
350 3 1
350 128 1
350 138 2
350 211 2
350 236 1
350 291 1
350 619 1
350 705 1
350 707 1
350 825 1
350 935 4
350 1180 1
350 1253 1
350 1254 1
350 1255 1
350 1256 1
351 5 1
351 33 1
351 46 2
351 65 2
351 67 1
351 102 1
351 176 1
351 250 1
351 281 1
351 487 1
351 533 1
351 543 1
351 636 1
351 1046 1
351 1104 1
351 1175 1
351 1257 1
351 1258 1
352 3 1
352 90 1
352 101 1
352 162 1
352 212 3
352 277 1
352 325 1
352 464 1
352 622 2
352 656 1
352 815 1
352 859 1
352 1259 1
352 1260 1
353 3 1
353 834 1
353 1104 1
353 1119 1
353 1229 1
353 1261 1
354 3 1
354 27 1
354 42 1
354 46 1
354 50 2
354 65 1
354 112 1
354 137 1
354 146 1
354 327 1
354 361 1
354 431 1
354 544 1
354 579 1
354 1067 1
354 1070 1
354 1104 1
354 1107 1
354 1115 1
354 1262 1
354 1263 1
354 1264 1
354 1265 1
355 4 1
355 42 1
355 90 1
355 211 1
355 236 1
355 358 1
355 359 1
355 401 1
355 421 1
355 426 2
355 458 1
355 773 1
355 1062 1
355 1104 1
356 3 1
356 17 1
356 36 1
356 37 1
356 83 1
356 96 1
356 163 1
356 188 1
356 259 1
356 290 1
356 426 3
356 467 1
356 550 1
356 555 1
356 585 2
356 657 2
356 686 1
356 773 2
356 935 1
356 1051 1
356 1104 1
356 1175 1
356 1185 1
356 1266 1
356 1267 1
356 1268 1
356 1269 1
356 1270 1
357 3 1
357 8 1
357 49 1
357 65 1
357 85 1
357 131 1
357 161 1
357 312 1
357 421 2
357 431 1
357 544 1
357 583 1
357 1112 1
358 3 1
358 150 1
358 374 1
358 426 1
358 544 1
358 583 1
358 935 1
358 1102 1
358 1187 1
358 1268 1
358 1271 1
359 33 1
359 46 1
359 90 1
359 93 1
359 101 1
359 106 1
359 110 1
359 117 1
359 250 1
359 374 1
359 447 1
359 539 1
359 544 1
359 570 1
359 769 1
359 821 1
359 872 1
359 935 1
359 1104 1
359 1110 1
359 1112 1
359 1149 1
359 1272 1
359 1273 1
359 1274 1
359 1275 1
359 1276 2
359 1277 1
360 3 2
360 13 1
360 36 2
360 49 1
360 58 1
360 65 1
360 78 3
360 121 3
360 160 1
360 163 1
360 167 1
360 229 1
360 314 1
360 477 1
360 528 2
360 635 1
360 769 1
360 917 2
360 935 4
360 1050 1
360 1071 1
360 1112 2
360 1278 2
360 1279 1
360 1280 1
360 1281 1
360 1282 1
360 1283 1
360 1284 1
360 1285 1
360 1286 1
360 1287 1
361 3 1
361 16 1
361 46 1
361 53 1
361 85 1
361 135 1
361 160 1
361 161 1
361 264 1
361 271 1
361 283 2
361 363 1
361 388 1
361 591 1
361 935 1
361 1046 1
361 1050 1
361 1061 1
361 1064 1
361 1086 1
361 1165 1
361 1288 1
361 1289 1
361 1290 1
362 3 2
362 27 1
362 253 1
362 409 1
362 871 1
362 1045 1
362 1291 1
362 1292 1
362 1293 1
363 4 1
363 77 1
363 360 1
363 907 1
364 2 1
364 49 1
364 927 1
364 1294 1
365 3 2
365 82 1
365 112 1
365 149 2
365 183 1
365 475 1
365 530 1
365 581 2
365 844 1
365 929 1
365 1294 3
365 1295 1
365 1296 1
365 1297 1
365 1298 1
366 3 1
366 50 1
366 56 1
366 207 1
366 324 1
366 426 2
366 528 1
366 543 1
366 1158 1
366 1299 1
367 50 1
367 56 1
367 77 1
367 90 1
367 167 1
367 207 1
367 409 1
367 426 1
367 447 1
367 1097 1
368 3 1
368 409 1
368 725 1
368 1203 1
368 1252 1
369 2 2
369 9 1
369 106 1
369 161 1
369 168 1
369 209 1
369 211 1
369 400 1
369 409 2
369 436 1
369 725 2
369 1203 1
369 1252 1
369 1293 1
370 3 3
370 15 1
370 46 1
370 48 1
370 50 1
370 55 1
370 58 1
370 67 1
370 83 1
370 85 1
370 86 1
370 90 2
370 137 1
370 139 1
370 146 1
370 147 3
370 284 2
370 447 1
370 457 1
370 494 1
370 544 1
370 553 1
370 927 1
370 929 2
370 930 1
370 963 1
370 1016 1
370 1247 1
370 1300 1
370 1301 1
370 1302 1
370 1303 1
370 1304 1
371 2 1
371 3 2
371 26 1
371 36 1
371 50 1
371 106 1
371 137 2
371 139 2
371 167 1
371 289 1
371 341 2
371 457 2
371 654 1
371 907 1
371 927 1
371 1305 1
372 2 1
372 3 2
372 15 1
372 27 1
372 50 4
372 72 1
372 90 1
372 137 3
372 139 3
372 146 1
372 147 1
372 294 1
372 328 1
372 341 2
372 447 1
372 459 1
372 502 1
372 544 1
372 570 1
372 713 1
372 927 2
372 928 1
372 929 1
372 934 1
372 1122 1
372 1304 1
372 1306 2
372 1307 2
372 1308 1
372 1309 1
372 1310 1
372 1311 1
372 1312 1
372 1313 1
373 3 2
373 6 1
373 27 2
373 46 1
373 50 1
373 55 1
373 90 2
373 148 1
373 168 1
373 183 3
373 195 1
373 211 1
373 236 1
373 241 1
373 409 1
373 458 1
373 590 1
373 723 2
373 927 5
373 1046 1
373 1097 1
373 1111 1
373 1314 1
374 2 1
374 3 1
374 11 1
374 36 1
374 77 1
374 90 1
374 93 2
374 102 1
374 146 1
374 199 1
374 211 5
374 231 1
374 262 1
374 268 1
374 269 1
374 271 1
374 308 1
374 342 1
374 380 1
374 430 1
374 431 1
374 547 1
374 561 1
374 762 1
374 809 1
374 989 3
374 1042 1
374 1111 1
374 1315 1
374 1316 1
374 1317 1
374 1318 1
374 1319 1
374 1320 1
374 1321 1
374 1322 1
374 1323 1
374 1324 1
374 1325 1
374 1326 3
374 1327 1
374 1328 1
374 1329 1
374 1330 2
375 3 1
375 4 1
375 90 1
375 93 1
375 101 1
375 117 1
375 147 2
375 152 1
375 400 1
375 409 2
375 415 1
375 436 1
375 1050 1
375 1293 2
376 27 3
376 36 1
376 139 1
376 167 1
376 236 1
376 436 1
376 462 1
376 478 2
376 1276 1
377 3 1
377 27 1
377 1293 1
377 1331 1
378 3 2
378 27 3
378 101 1
378 106 1
378 147 1
378 409 1
378 478 1
378 990 1
378 1045 1
378 1291 1
378 1293 1
378 1332 1
379 2 1
379 3 2
379 27 2
379 211 1
379 236 1
379 871 1
379 1293 2
379 1333 1
380 18 3
380 27 4
380 139 4
380 167 3
380 401 3
380 478 3
380 539 1
380 1097 2
380 1293 1
380 1334 1
380 1335 1
381 46 1
381 139 2
381 222 1
381 283 1
381 963 1
382 6 1
382 17 1
382 46 1
382 139 2
382 167 1
382 222 1
382 271 1
382 283 2
383 2 1
383 27 2
383 49 1
383 121 1
383 139 1
383 167 1
383 283 1
383 284 3
383 325 1
383 380 1
383 1293 1
384 36 1
384 46 1
384 59 1
384 101 1
384 117 1
384 121 1
384 124 1
384 139 4
384 188 1
384 194 1
384 209 1
384 276 1
384 292 1
384 314 1
384 325 1
384 380 1
384 519 1
384 963 1
384 1029 1
384 1035 1
384 1050 1
384 1336 1
384 1337 1
384 1338 2
384 1339 1
384 1340 1
385 3 1
385 83 1
385 100 1
385 340 1
385 475 1
385 713 1
385 723 1
385 832 1
385 1042 1
385 1163 1
385 1206 1
385 1320 1
385 1324 1
385 1341 1
385 1342 1
385 1343 1
386 3 1
386 14 1
386 16 2
386 36 1
386 90 1
386 1068 1
386 1344 1
386 1345 1
386 1346 1
387 2 1
387 144 1
387 1097 1
387 1347 1
388 3 1
388 12 1
388 46 2
388 49 1
388 83 1
388 135 1
388 144 1
388 149 1
388 269 1
388 271 1
388 283 1
388 401 1
388 929 1
388 1347 1
389 3 3
389 16 4
389 28 3
389 30 1
389 36 3
389 41 2
389 53 1
389 56 2
389 62 1
389 63 1
389 83 1
389 90 4
389 104 1
389 121 1
389 146 3
389 147 1
389 149 1
389 152 2
389 158 1
389 160 1
389 161 1
389 180 1
389 184 1
389 207 1
389 231 4
389 246 1
389 269 1
389 271 1
389 291 1
389 295 1
389 296 1
389 308 1
389 318 3
389 337 1
389 356 1
389 359 1
389 361 3
389 365 1
389 447 1
389 449 1
389 457 1
389 487 2
389 490 1
389 491 3
389 506 1
389 542 1
389 544 3
389 619 3
389 628 1
389 706 1
389 708 2
389 771 1
389 927 6
389 930 3
389 982 1
389 990 2
389 1030 1
389 1037 1
389 1062 1
389 1073 1
389 1105 1
389 1108 2
389 1159 1
389 1193 1
389 1213 1
389 1232 1
389 1294 2
389 1304 1
389 1331 1
389 1348 1
389 1349 1
389 1350 1
389 1351 1
389 1352 1
389 1353 1
389 1354 1
389 1355 1
389 1356 1
389 1357 1
389 1358 1
389 1359 1
389 1360 1
389 1361 1
389 1362 1
389 1363 1
389 1364 1
389 1365 1
389 1366 1
389 1367 1
389 1368 1
389 1369 1
389 1370 1
389 1371 2
389 1372 1
389 1373 1
389 1374 1
389 1375 2
389 1376 1
389 1377 1
390 49 1
390 950 1
390 1378 1
391 46 1
391 56 1
391 78 1
391 93 1
391 117 1
391 172 1
391 198 1
391 250 1
391 1049 1
391 1097 1
391 1111 1
391 1378 1
391 1379 1
391 1380 1
391 1381 1
391 1382 1
391 1383 1
392 3 1
392 46 1
392 149 1
392 283 1
392 401 1
392 436 1
392 901 1
392 929 1
392 1220 1
392 1384 1
393 3 1
393 6 1
393 12 1
393 46 1
393 49 1
393 78 1
393 149 1
393 255 1
393 269 1
393 283 1
393 340 1
393 436 1
394 2 1
394 49 1
394 112 1
394 963 1
394 970 1
394 1108 1
394 1385 2
394 1386 1
395 46 1
395 67 2
395 112 1
395 149 1
395 289 1
395 927 1
395 963 1
395 970 1
395 1108 1
395 1385 2
395 1386 1
396 77 1
396 161 2
396 262 2
396 291 1
396 1014 2
397 16 1
397 36 1
397 46 1
397 49 1
397 56 1
397 970 1
397 1385 1
397 1386 1
397 1387 1
397 1388 1
398 2 1
398 3 1
398 149 1
398 929 1
399 3 2
399 16 3
399 41 1
399 46 3
399 48 2
399 90 1
399 93 1
399 106 1
399 139 2
399 148 1
399 149 1
399 183 1
399 253 1
399 283 1
399 312 1
399 328 2
399 337 2
399 401 1
399 487 2
399 491 2
399 829 1
399 929 1
399 1086 1
399 1097 1
399 1108 4
399 1143 2
399 1389 1
399 1390 1
399 1391 1
399 1392 2
399 1393 1
399 1394 3
399 1395 1
399 1396 1
399 1397 1
399 1398 1
399 1399 1
399 1400 1
400 3 1
400 17 1
400 55 1
400 83 1
400 149 3
400 326 1
400 581 1
400 927 1
400 929 3
400 963 2
400 1059 1
400 1108 1
400 1307 1
400 1401 1
400 1402 1
401 2 1
401 36 1
401 49 1
401 53 1
401 77 1
401 149 1
401 161 1
401 243 1
401 283 1
401 581 1
401 1108 2
402 3 1
402 46 1
402 149 2
402 581 1
402 929 1
402 963 1
402 1108 2
403 1 1
403 49 1
403 53 3
403 83 1
403 101 1
403 104 1
403 149 2
403 158 1
403 283 4
403 337 1
403 539 1
403 636 1
403 929 1
403 1108 2
403 1403 1
403 1404 1
403 1405 1
403 1406 1
404 2 2
404 3 2
404 46 1
404 106 1
404 149 1
404 271 1
404 377 1
404 519 1
404 619 1
404 623 1
404 642 1
404 723 1
404 929 1
404 930 1
404 1108 2
405 3 2
405 13 3
405 46 2
405 149 4
405 211 3
405 243 1
405 276 1
405 283 1
405 388 1
405 581 1
405 723 3
405 871 1
405 929 3
405 963 1
405 1046 1
406 2 1
406 3 3
406 46 3
406 48 1
406 106 2
406 147 1
406 148 1
406 149 2
406 161 2
406 183 1
406 212 1
406 222 1
406 231 1
406 277 1
406 283 5
406 401 1
406 458 1
406 723 2
406 929 1
406 1241 1
406 1291 1
406 1407 1
406 1408 1
406 1409 1
407 4 1
407 11 1
407 90 1
407 291 1
407 358 1
407 547 2
407 1410 1
408 1 1
408 3 2
408 16 2
408 46 2
408 62 1
408 83 1
408 149 2
408 158 1
408 163 1
408 211 1
408 248 1
408 325 1
408 393 1
408 436 1
408 490 1
408 539 1
408 927 1
408 929 4
408 963 2
408 1046 1
408 1411 1
409 2 1
409 46 1
409 1378 1
410 2 1
410 3 1
410 49 1
410 101 1
410 211 1
410 927 2
410 1045 1
410 1362 1
410 1378 2
411 2 1
411 11 1
411 27 1
411 46 1
411 48 1
411 49 1
411 53 1
411 72 1
411 77 2
411 102 2
411 149 1
411 163 1
411 188 1
411 212 1
411 283 1
411 341 2
411 478 1
411 581 1
411 642 1
411 927 1
411 950 1
411 1069 1
411 1108 1
411 1206 1
411 1283 1
411 1412 1
411 1413 1
411 1414 1
412 3 1
412 6 1
412 49 1
412 149 1
412 211 1
412 436 1
412 927 1
412 1074 1
412 1378 1
412 1414 1
413 3 2
413 72 1
413 284 1
413 929 1
413 930 1
413 1128 1
413 1415 1
414 2 1
414 3 2
414 4 1
414 54 1
414 72 1
414 90 1
414 143 1
414 224 1
414 239 1
414 358 1
414 1087 1
414 1416 1
414 1417 1
415 2 1
415 3 2
415 6 1
415 15 1
415 42 1
415 48 1
415 49 1
415 77 1
415 90 1
415 106 1
415 188 1
415 213 1
415 511 1
415 927 2
415 929 1
415 1111 1
415 1411 1
416 2 1
416 41 1
416 46 2
416 49 1
416 62 1
416 90 1
416 93 1
416 101 1
416 139 1
416 149 1
416 241 1
416 253 1
416 260 3
416 312 1
416 319 1
416 377 1
416 386 1
416 408 1
416 503 2
416 534 1
416 539 1
416 606 1
416 854 1
416 901 1
416 927 1
416 929 3
416 1045 1
416 1347 1
416 1361 1
416 1418 1
416 1419 1
416 1420 1
416 1421 1
416 1422 2
416 1423 1
416 1424 2
416 1425 1
416 1426 1
416 1427 1
416 1428 1
417 1 1
417 3 1
417 49 1
417 93 1
417 147 1
417 149 1
417 361 1
417 403 1
417 654 1
417 927 1
417 929 1
417 963 1
417 970 1
417 1044 1
417 1108 1
417 1169 1
417 1429 1
417 1430 1
417 1431 1
417 1432 1
417 1433 1
418 3 1
418 380 1
418 723 1
418 854 1
418 1035 1
418 1341 1
419 149 1
419 403 1
419 901 1
419 929 2
419 1307 1
419 1424 2
419 1434 1
420 101 1
420 117 1
420 149 1
420 581 1
420 901 1
421 2 1
421 3 1
421 49 1
421 149 2
421 211 1
421 327 1
421 927 1
421 929 2
421 963 1
421 1307 1
421 1424 1
422 18 1
422 90 1
422 149 1
422 401 1
422 581 1
422 929 1
422 1111 1
423 3 1
423 55 1
423 170 1
423 189 1
423 804 1
423 929 1
424 50 1
424 117 1
424 126 1
424 162 1
424 581 1
424 804 1
424 929 1
424 1307 1
425 3 1
425 55 1
425 161 1
425 255 1
425 283 1
425 329 1
425 927 1
425 1362 1
426 3 1
426 43 1
426 48 1
426 57 1
426 62 1
426 80 1
426 83 2
426 84 1
426 105 1
426 194 1
426 211 1
426 250 2
426 267 1
426 340 1
426 498 2
426 510 1
426 689 1
426 929 1
426 942 1
426 974 1
426 997 2
426 1079 1
426 1108 1
426 1193 2
426 1435 1
426 1436 1
426 1437 1
426 1438 1
426 1439 1
426 1440 1
426 1441 1
426 1442 1
426 1443 1
427 48 1
427 49 1
427 149 2
427 283 1
427 321 1
427 329 1
427 332 1
427 337 1
427 371 1
427 490 1
427 581 1
427 668 1
427 929 1
427 1108 1
427 1444 1
428 46 1
428 49 1
428 77 1
428 86 1
428 149 2
428 929 2
428 1108 1
429 3 1
429 17 1
429 27 1
429 90 2
429 358 1
429 723 1
429 1042 1
429 1111 1
429 1341 1
430 2 1
430 3 1
430 55 1
430 149 2
430 283 2
430 581 1
430 929 1
430 950 1
430 1097 1
431 2 1
431 4 1
431 36 1
431 49 1
431 53 1
431 77 1
431 90 1
431 149 1
431 161 1
431 243 1
431 283 1
431 358 1
431 581 1
431 1087 1
431 1108 1
431 1445 1
432 3 1
432 9 1
432 13 1
432 100 1
432 149 1
432 188 1
432 211 2
432 283 1
432 328 1
432 337 1
432 352 1
432 371 1
432 387 1
432 494 1
432 581 2
432 636 1
432 929 1
432 930 1
432 1392 1
432 1446 1
432 1447 1
433 2 1
433 152 1
433 283 1
433 458 1
433 723 1
433 1148 1
434 3 1
434 4 1
434 27 1
434 101 1
434 147 1
434 283 1
434 400 1
434 409 1
434 415 1
434 491 1
434 603 1
434 637 1
434 994 1
434 1108 1
434 1293 1
434 1368 1
434 1448 1
435 27 6
435 48 1
435 49 1
435 50 2
435 62 1
435 90 1
435 96 6
435 100 2
435 101 1
435 107 3
435 149 1
435 170 1
435 181 1
435 183 1
435 188 2
435 251 4
435 283 11
435 297 1
435 325 4
435 371 5
435 462 3
435 466 1
435 555 1
435 581 1
435 766 1
435 805 1
435 844 1
435 852 1
435 900 2
435 948 2
435 950 1
435 990 1
435 1050 1
435 1108 1
435 1111 1
435 1384 3
435 1449 1
435 1450 1
435 1451 1
435 1452 1
435 1453 1
435 1454 2
435 1455 1
435 1456 1
435 1457 1
435 1458 2
435 1459 1
435 1460 1
435 1461 3
435 1462 1
436 2 1
436 27 1
436 283 1
436 409 1
436 725 2
436 1203 1
436 1252 1
437 90 1
437 147 2
437 152 1
437 283 1
437 409 1
437 725 1
438 2 1
438 283 1
438 325 1
438 409 1
438 725 1
438 1203 1
438 1252 1
439 67 2
439 86 1
439 90 1
439 107 2
439 900 1
439 948 1
439 1046 1
440 3 1
440 43 1
440 53 2
440 67 1
440 76 1
440 139 1
440 148 2
440 161 1
440 163 1
440 169 1
440 243 1
440 661 1
440 900 1
440 957 1
440 1011 1
440 1035 1
440 1266 1
440 1440 1
440 1462 1
440 1463 1
440 1464 1
440 1465 1
441 1 1
441 3 1
441 6 4
441 11 3
441 16 1
441 17 1
441 19 1
441 25 1
441 37 1
441 43 2
441 67 1
441 72 2
441 77 2
441 90 1
441 101 2
441 105 1
441 142 1
441 162 1
441 176 4
441 184 1
441 194 1
441 231 2
441 236 1
441 248 1
441 252 2
441 271 1
441 276 1
441 330 1
441 332 3
441 336 1
441 337 1
441 339 1
441 341 7
441 356 3
441 360 1
441 363 1
441 458 1
441 553 1
441 619 1
441 636 1
441 650 1
441 723 2
441 777 3
441 877 1
441 956 1
441 970 2
441 1008 1
441 1037 1
441 1042 2
441 1329 1
441 1341 1
441 1353 1
441 1361 1
441 1466 1
441 1467 2
441 1468 1
441 1469 1
441 1470 1
441 1471 1
441 1472 2
441 1473 1
441 1474 1
441 1475 1
441 1476 1
441 1477 1
442 144 1
442 970 1
442 1478 1
443 2 1
443 27 2
443 212 1
443 283 2
443 284 2
443 325 1
443 1276 1
443 1293 1
443 1479 1
444 6 1
444 50 4
444 106 1
444 139 3
444 202 1
444 271 1
444 546 1
444 747 1
444 1050 1
444 1480 1
445 16 1
445 50 1
445 101 1
445 286 1
445 555 1
445 1071 1
445 1278 1
445 1380 1
445 1481 1
445 1482 1
445 1483 2
446 49 1
446 50 1
446 1368 1
446 1484 1
447 4 1
447 16 1
447 283 1
447 888 1
447 1484 1
447 1485 1
448 12 1
448 16 1
448 28 1
448 48 1
448 50 2
448 93 2
448 101 2
448 131 1
448 250 1
448 271 1
448 286 1
448 312 1
448 325 1
448 386 1
448 395 1
448 408 2
448 447 2
448 478 2
448 487 1
448 825 1
448 1044 2
448 1050 1
448 1380 1
448 1453 2
448 1481 1
448 1482 1
448 1483 2
448 1485 1
448 1486 1
448 1487 1
448 1488 1
448 1489 1
449 2 1
449 3 2
449 27 1
449 36 1
449 50 2
449 54 3
449 57 1
449 59 1
449 65 2
449 131 1
449 202 1
449 267 1
449 276 1
449 289 1
449 325 1
449 327 1
449 395 3
449 409 2
449 458 2
449 478 4
449 583 2
449 1223 1
449 1427 1
449 1446 2
449 1490 1
449 1491 1
449 1492 1
449 1493 1
450 3 1
450 15 1
450 27 1
450 50 5
450 121 1
450 292 1
450 318 1
450 395 1
450 401 2
450 409 3
450 492 2
450 502 1
450 534 1
450 544 1
450 635 1
450 718 1
450 762 1
450 888 1
450 1045 1
450 1216 1
450 1223 4
450 1494 1
450 1495 1
450 1496 1
450 1497 2
450 1498 1
450 1499 1
451 3 2
451 16 1
451 33 1
451 74 1
451 83 2
451 90 1
451 163 1
451 330 1
451 332 1
451 458 2
451 723 4
451 1020 1
451 1341 2
451 1500 1
452 50 2
452 59 1
452 150 1
452 174 1
452 262 1
452 291 1
452 349 1
452 480 1
452 1501 1
452 1502 1
453 2 1
453 50 1
453 53 1
453 98 1
453 292 1
453 312 1
453 401 1
453 888 1
453 1097 1
453 1503 1
454 4 1
454 16 1
454 49 1
454 50 2
454 67 1
454 75 1
454 123 1
454 128 1
454 139 1
454 207 2
454 255 1
454 324 1
454 382 2
454 673 1
454 699 2
454 762 2
454 773 1
454 888 2
454 1097 1
454 1504 1
454 1505 1
454 1506 1
454 1507 1
454 1508 2
454 1509 2
455 26 1
455 27 1
455 50 1
455 53 1
455 65 1
455 83 1
455 90 2
455 106 1
455 174 1
455 183 1
455 318 1
455 431 2
455 432 1
455 610 1
455 762 1
455 777 1
455 821 1
455 888 2
455 1037 1
455 1386 1
455 1509 2
455 1510 2
455 1511 1
456 2 1
456 50 1
456 90 1
456 152 1
456 1491 1
456 1512 1
457 50 1
457 83 2
457 93 1
457 117 1
457 553 1
457 762 1
458 2 1
458 3 1
458 50 1
458 101 1
459 13 1
459 50 1
459 54 1
459 90 1
459 147 1
459 191 1
459 1097 1
459 1513 1
459 1514 1
460 3 1
460 50 2
460 128 1
460 167 1
460 191 1
460 213 1
460 283 1
460 360 1
460 922 1
460 1407 1
460 1515 1
461 12 1
461 50 1
461 191 1
461 229 1
461 401 1
461 888 1
461 921 1
461 1037 1
461 1516 1
462 2 1
462 3 1
462 106 1
462 547 1
462 723 1
462 932 1
462 956 1
462 1002 1
462 1341 1
462 1462 1
463 3 1
463 50 1
463 62 1
463 93 1
463 117 1
463 232 1
463 1446 1
464 2 1
464 3 1
464 50 1
464 144 1
464 232 1
464 1446 1
465 50 1
465 232 1
465 236 1
465 393 1
465 583 1
465 725 1
465 1252 1
465 1257 1
465 1517 1
466 2 1
466 50 1
466 583 2
466 725 1
466 1252 1
466 1446 1
466 1518 1
467 2 1
467 50 1
467 93 1
467 106 1
467 145 1
467 232 1
467 1044 1
467 1097 1
467 1257 1
467 1262 1
467 1453 1
467 1489 1
467 1519 1
468 2 1
468 27 1
468 50 1
468 232 1
468 1097 1
469 48 3
469 50 5
469 59 7
469 67 1
469 78 3
469 83 1
469 90 3
469 93 3
469 121 1
469 144 4
469 145 1
469 188 1
469 231 1
469 236 2
469 380 5
469 420 1
469 518 1
469 583 3
469 829 1
469 1035 1
469 1257 2
469 1380 1
469 1446 2
469 1473 2
469 1517 1
469 1520 1
469 1521 3
469 1522 3
469 1523 1
469 1524 1
469 1525 1
469 1526 1
469 1527 1
469 1528 2
469 1529 1
470 27 2
470 50 1
470 59 1
470 224 1
470 253 1
470 380 2
470 583 2
470 727 1
470 1300 1
470 1530 1
471 2 2
471 3 1
471 4 1
471 40 1
471 41 2
471 50 2
471 62 1
471 78 1
471 83 1
471 90 1
471 93 2
471 101 1
471 106 3
471 144 1
471 147 1
471 163 1
471 170 1
471 183 1
471 273 1
471 284 1
471 292 1
471 358 1
471 393 1
471 401 1
471 415 1
471 469 1
471 555 1
471 583 2
471 584 1
471 623 1
471 671 1
471 677 1
471 706 1
471 821 1
471 1045 1
471 1062 1
471 1087 1
471 1288 1
471 1296 1
471 1388 1
471 1429 1
471 1446 3
471 1447 1
471 1531 1
471 1532 1
471 1533 1
471 1534 1
471 1535 1
471 1536 1
471 1537 2
471 1538 1
471 1539 1
471 1540 1
471 1541 1
471 1542 1
471 1543 1
471 1544 1
472 2 1
472 59 1
472 1063 1
472 1490 1
473 3 1
473 183 1
473 188 1
473 330 1
473 356 1
473 561 1
473 723 2
473 1341 1
474 33 1
474 56 1
474 59 2
474 83 1
474 183 1
474 327 1
474 963 1
474 1049 1
474 1490 1
474 1545 1
475 2 1
475 46 1
475 59 1
475 211 1
475 236 1
475 963 1
475 1490 1
476 4 1
476 46 1
476 59 3
476 189 1
476 963 1
476 1490 1
477 3 1
477 40 1
477 49 1
477 67 1
477 207 1
477 232 1
477 380 1
477 494 1
477 584 1
477 671 1
477 821 1
477 990 1
477 1296 1
477 1524 1
477 1546 1
477 1547 1
477 1548 1
478 3 1
478 49 1
478 101 1
478 380 1
478 1549 1
478 1550 1
478 1551 1
479 2 1
479 3 1
479 46 1
479 92 1
479 101 1
479 106 1
479 121 2
479 144 1
479 198 1
479 211 1
479 236 1
479 255 1
479 276 1
479 380 3
480 3 1
480 101 1
480 147 1
480 1046 1
480 1305 1
481 16 1
481 107 1
481 555 1
481 1096 1
481 1338 1
482 67 2
482 101 2
482 147 2
482 380 1
483 3 1
483 62 1
483 101 1
483 1368 1
484 2 1
484 3 1
484 382 1
484 604 1
484 655 1
484 834 1
484 910 1
484 957 1
484 1008 1
485 3 1
485 121 1
485 151 1
485 371 1
485 380 2
485 401 1
486 121 1
486 139 1
486 325 1
486 380 1
487 2 1
487 3 1
487 161 1
487 173 1
487 211 1
487 747 1
487 1552 1
488 3 2
488 13 2
488 46 2
488 67 1
488 90 1
488 96 1
488 101 2
488 144 3
488 162 1
488 211 1
488 243 1
488 253 1
488 585 1
488 920 2
488 932 2
488 1037 1
488 1045 1
488 1111 2
488 1120 1
488 1550 2
488 1553 1
488 1554 1
488 1555 2
488 1556 1
489 46 2
489 48 2
489 50 1
489 53 1
489 139 2
489 147 2
489 161 1
489 167 1
489 195 3
489 241 2
489 269 1
489 284 1
489 310 1
489 339 1
489 388 1
489 1097 1
489 1463 1
490 46 1
490 49 1
490 147 3
490 188 2
490 371 1
490 591 1
490 1062 1
490 1557 1
491 2 1
491 3 1
491 147 1
491 151 1
491 539 1
491 591 1
491 1304 1
492 3 1
492 46 1
492 133 1
492 207 1
492 337 1
492 462 1
492 1023 1
493 3 1
493 133 1
493 1147 1
493 1220 1
493 1388 1
493 1558 1
493 1559 1
493 1560 1
494 2 1
494 341 1
494 1138 1
494 1561 1
494 1562 1
495 3 3
495 80 1
495 306 3
495 345 1
495 556 1
495 723 1
495 770 2
495 957 1
495 1163 1
495 1315 1
495 1327 1
495 1446 1
496 26 1
496 90 1
496 1017 1
496 1111 1
496 1561 2
497 3 1
497 6 1
497 56 1
497 93 1
497 101 1
497 135 1
497 141 1
497 147 1
497 477 1
497 530 1
497 539 1
497 583 3
497 591 1
497 725 1
497 771 3
497 995 1
497 1168 2
497 1252 1
497 1561 4
497 1563 3
498 2 1
498 4 1
498 211 1
498 240 1
498 490 1
498 970 1
498 1062 1
498 1097 1
498 1561 2
498 1564 1
499 3 1
499 6 1
499 16 3
499 26 1
499 27 2
499 83 1
499 90 1
499 96 2
499 99 1
499 101 1
499 106 2
499 137 2
499 144 1
499 146 1
499 147 2
499 325 1
499 361 1
499 491 1
499 503 1
499 883 1
499 1044 1
499 1433 1
500 2 1
500 3 1
500 96 1
500 927 1
501 3 1
501 96 1
501 147 1
501 236 1
501 1097 1
502 13 1
502 90 1
502 107 1
502 139 2
502 184 1
502 212 3
502 570 1
502 922 2
502 942 1
502 950 1
502 1228 1
502 1454 3
502 1561 2
503 2 1
503 3 1
503 27 1
503 144 1
503 1293 1
504 2 1
504 144 1
504 334 1
504 487 1
504 1293 1
505 2 1
505 3 1
505 48 1
505 96 1
505 650 1
505 1097 1
505 1565 1
506 2 2
506 77 2
506 168 1
506 547 2
506 932 1
506 1014 1
506 1031 1
506 1093 1
507 27 2
507 28 1
507 36 1
507 48 1
507 86 2
507 102 1
507 144 3
507 182 1
507 200 1
507 232 1
507 236 2
507 270 1
507 400 1
507 449 1
507 491 1
507 821 1
507 912 1
507 950 2
507 1020 1
507 1206 1
507 1293 2
507 1309 1
507 1566 1
507 1567 1
507 1568 1
508 16 1
508 26 1
508 28 1
508 36 1
508 107 1
508 151 1
508 900 1
508 948 1
508 1569 1
509 2 1
509 77 1
509 340 1
509 1206 1
510 2 1
510 3 1
510 77 2
510 158 1
510 161 1
510 360 1
510 858 1
510 1206 1
510 1329 1
510 1570 1
511 3 1
511 11 1
511 63 1
511 83 1
511 161 1
511 194 2
511 262 1
511 266 1
511 291 2
511 360 1
511 429 1
511 900 1
511 929 1
511 1014 1
511 1031 1
511 1291 1
511 1410 1
511 1571 1
512 49 1
512 77 1
512 161 1
512 169 1
512 269 2
512 360 1
512 914 1
512 1329 1
513 3 1
513 75 1
513 330 1
513 337 1
513 723 1
513 829 1
513 1565 1
514 2 1
514 11 1
514 13 1
514 77 1
514 138 2
514 162 1
514 183 1
514 302 1
514 1572 1
515 77 1
515 161 1
515 341 2
515 553 1
515 900 1
516 63 1
516 77 1
516 83 1
516 262 1
516 547 1
516 1206 1
516 1572 1
517 77 1
517 161 1
517 212 1
517 330 1
517 1206 1
517 1475 1
517 1573 1
518 80 1
518 356 1
518 377 1
518 920 1
519 3 1
519 36 1
519 108 1
519 360 1
519 431 1
519 1574 1
520 3 1
520 26 1
520 96 1
520 106 1
520 113 1
520 147 1
520 360 1
520 371 1
520 529 1
520 655 1
520 804 1
520 907 1
520 932 1
520 933 1
520 1190 1
520 1534 1
520 1575 1
520 1576 1
520 1577 1
520 1578 1
520 1579 1
521 43 1
521 55 1
521 71 1
521 77 1
521 235 1
521 325 1
521 341 1
521 809 1
521 900 1
521 1534 2
521 1580 1
522 3 1
522 55 1
522 69 1
522 125 1
522 131 1
522 161 1
522 211 1
522 232 1
522 366 1
522 431 1
522 475 1
522 1581 1
523 3 1
523 17 1
523 209 1
523 211 1
523 332 1
523 1226 2
523 1582 1
524 2 1
524 3 1
524 48 1
524 55 1
524 147 1
524 185 1
524 329 1
524 431 1
524 1583 1
524 1584 1
525 2 1
525 3 1
525 39 1
525 48 1
525 55 1
525 74 1
526 3 1
526 48 1
526 55 1
526 161 1
526 173 1
526 431 1
526 1585 1
526 1586 1
526 1587 1
527 77 1
527 269 1
527 293 1
527 318 1
527 340 1
527 978 1
527 1016 1
527 1588 1
528 3 1
528 158 1
528 723 1
528 864 1
528 1351 1
529 2 1
529 20 1
529 49 1
529 56 1
529 233 1
529 798 1
530 17 1
530 20 1
530 42 1
530 233 1
531 2 1
531 20 1
531 42 1
531 1046 1
532 6 1
532 42 2
532 48 1
532 54 1
532 188 1
532 211 1
532 239 1
532 1038 1
533 4 1
533 211 1
533 490 1
533 622 1
533 705 1
533 932 2
533 1508 2
533 1589 2
533 1590 1
533 1591 1
534 3 1
534 20 2
534 42 1
534 90 1
534 93 1
534 158 2
534 176 1
534 361 1
534 380 1
534 393 1
534 1046 2
534 1068 1
534 1464 1
534 1592 1
534 1593 1
534 1594 1
535 20 1
535 30 2
535 50 1
535 68 1
535 86 1
535 251 1
535 1595 1
536 14 1
536 20 1
536 30 1
536 46 1
536 50 2
536 68 2
536 69 1
536 78 1
536 133 1
536 269 1
536 318 1
537 3 1
537 20 1
537 1596 1
538 2 1
538 20 1
538 920 1
539 2 1
539 4 1
539 90 1
539 327 1
539 358 1
539 517 1
539 1008 1
540 2 1
540 920 1
540 929 1
540 930 1
541 13 1
541 20 1
541 49 1
541 137 1
541 1525 1
541 1537 1
541 1597 1
542 3 1
542 14 1
542 20 1
542 27 1
542 83 1
542 86 1
542 137 1
542 171 1
542 331 1
542 850 1
542 865 1
542 1283 1
543 2 1
543 137 1
543 139 1
543 409 1
543 1598 1
543 1599 1
544 3 1
544 5 1
544 6 1
544 13 1
544 229 1
544 606 1
544 951 2
544 1092 1
544 1600 1
545 3 2
545 14 1
545 333 2
545 337 2
545 1288 3
545 1301 3
545 1544 2
545 1601 2
545 1602 1
545 1603 4
545 1604 1
546 3 1
546 14 1
546 56 1
546 68 1
546 137 1
546 139 1
546 333 1
546 1301 2
546 1601 1
547 3 1
547 14 1
547 15 1
547 16 1
547 18 1
547 19 1
547 49 1
548 3 1
548 15 1
548 19 1
548 20 2
548 28 1
548 121 1
548 160 1
549 20 1
549 55 1
549 56 1
549 121 1
549 321 1
549 1605 1
550 3 1
550 14 1
550 15 1
550 16 1
550 19 1
550 20 1
550 55 1
550 236 1
551 3 9
551 6 1
551 14 1
551 15 8
551 19 8
551 20 4
551 28 1
551 41 3
551 46 1
551 48 1
551 55 4
551 61 3
551 83 1
551 90 4
551 93 6
551 96 2
551 107 1
551 112 4
551 117 2
551 118 1
551 121 1
551 124 1
551 137 1
551 157 1
551 174 1
551 236 1
551 245 2
551 249 1
551 308 1
551 318 1
551 321 1
551 328 2
551 337 1
551 377 1
551 386 2
551 393 1
551 415 1
551 416 1
551 530 1
551 535 1
551 557 1
551 579 2
551 603 1
551 626 1
551 663 1
551 675 1
551 713 1
551 807 1
551 950 1
551 990 1
551 1077 1
551 1088 2
551 1167 1
551 1301 2
551 1427 1
551 1538 1
551 1598 1
551 1601 2
551 1606 1
551 1607 2
551 1608 2
551 1609 1
551 1610 1
551 1611 2
551 1612 1
552 20 1
552 55 1
552 117 1
552 377 1
552 675 1
553 3 1
553 14 1
553 15 1
553 19 1
553 20 1
553 67 1
553 121 1
553 160 1
554 3 2
554 22 1
554 36 1
554 42 1
554 49 1
554 67 1
554 314 1
554 1068 1
