%%MatrixMarket matrix coordinate real general
245 1203 3522                                     
1 1 2
1 2 1
1 3 1
1 4 2
1 5 1
1 6 2
1 7 1
1 8 1
1 9 3
1 10 1
1 11 5
1 12 1
1 13 1
1 14 1
1 15 1
1 16 1
1 17 3
1 18 1
1 19 1
1 20 1
1 21 1
1 22 1
1 23 1
1 24 2
1 25 2
1 26 1
1 27 2
1 28 1
1 29 1
1 30 1
1 31 1
1 32 1
1 33 5
1 34 2
1 35 1
1 36 1
1 37 4
1 38 1
1 39 1
1 40 3
1 41 1
1 42 1
1 43 1
1 44 3
1 45 1
1 46 1
1 47 1
1 48 3
1 49 2
1 50 1
1 51 1
1 52 1
1 53 1
1 54 3
1 55 1
1 56 1
1 57 1
1 58 1
1 59 1
1 60 1
1 61 1
1 62 1
1 63 4
1 64 1
1 65 1
1 66 1
1 67 1
1 68 1
1 69 1
1 70 1
1 71 1
1 72 3
1 73 1
1 74 1
1 75 1
1 76 1
1 77 1
1 78 1
1 79 1
1 80 1
1 81 1
1 82 1
1 83 1
2 38 1
2 44 1
2 84 1
2 85 1
2 86 1
2 87 1
2 88 1
2 89 1
3 41 2
3 90 1
3 91 3
3 92 1
3 93 1
3 94 1
3 95 1
3 96 1
3 97 1
3 98 1
3 99 1
3 100 1
3 101 1
3 102 1
3 103 1
3 104 1
3 105 1
4 10 1
4 21 1
4 41 1
4 95 1
4 103 1
4 106 1
4 107 1
4 108 1
4 109 1
5 41 1
5 86 1
5 95 1
5 110 1
6 41 1
6 64 1
6 111 1
6 112 1
6 113 1
6 114 1
6 115 1
6 116 1
6 117 1
6 118 1
6 119 1
6 120 1
6 121 1
7 41 1
7 86 1
7 122 1
7 123 1
8 64 1
8 84 1
8 86 1
8 90 1
8 124 2
8 125 1
8 126 1
8 127 1
8 128 1
8 129 1
8 130 1
8 131 1
8 132 1
8 133 1
8 134 1
8 135 1
9 41 2
9 108 1
9 122 1
9 123 2
9 136 1
10 19 1
10 30 1
10 41 3
10 117 1
10 122 2
10 123 1
10 137 1
10 138 1
10 139 1
11 11 1
11 21 1
11 30 1
11 40 1
11 73 1
11 95 1
11 97 1
11 107 1
11 108 1
11 122 1
11 123 1
11 140 1
11 141 1
11 142 1
11 143 1
11 144 1
11 145 1
11 146 1
11 147 1
11 148 1
11 149 2
11 150 1
11 151 1
11 152 1
12 41 1
12 105 2
12 122 1
12 123 2
12 153 1
12 154 1
12 155 1
12 156 1
12 157 1
12 158 1
12 159 1
12 160 1
12 161 1
12 162 1
12 163 1
12 164 1
13 38 1
13 44 1
13 49 1
13 84 1
13 85 1
13 87 1
13 88 2
13 89 1
14 11 1
14 76 1
14 77 1
14 103 1
14 114 1
14 122 1
14 165 1
14 166 1
14 167 1
14 168 1
14 169 1
14 170 2
14 171 1
14 172 1
15 11 1
15 173 1
15 174 1
15 175 1
15 176 1
15 177 1
15 178 1
15 179 1
15 180 1
16 49 2
16 95 1
16 105 1
16 163 1
16 181 1
16 182 1
16 183 1
16 184 1
16 185 1
16 186 1
16 187 1
16 188 1
16 189 1
16 190 1
16 191 2
16 192 1
16 193 1
16 194 1
16 195 1
16 196 1
17 47 1
17 86 1
17 168 1
17 197 1
17 198 1
18 40 1
18 199 1
18 200 1
18 201 1
19 49 1
19 95 1
19 182 1
19 202 1
19 203 1
19 204 1
19 205 1
19 206 1
19 207 2
19 208 1
19 209 1
19 210 3
19 211 1
19 212 1
19 213 1
19 214 1
19 215 1
19 216 1
19 217 3
19 218 1
19 219 1
19 220 1
20 218 1
20 221 1
20 222 1
20 223 1
20 224 1
21 95 1
21 105 1
21 182 1
21 225 1
21 226 1
21 227 1
21 228 1
21 229 1
22 49 2
22 95 1
22 102 1
22 113 1
22 116 1
22 153 1
22 182 1
22 230 1
22 231 1
22 232 1
22 233 1
22 234 1
22 235 1
22 236 1
22 237 1
22 238 1
22 239 1
22 240 2
22 241 1
22 242 1
22 243 1
22 244 3
22 245 2
22 246 1
22 247 1
22 248 1
22 249 1
22 250 1
22 251 1
22 252 2
22 253 5
22 254 1
22 255 1
22 256 2
22 257 1
22 258 1
22 259 1
22 260 1
22 261 1
22 262 1
22 263 1
22 264 2
22 265 1
23 41 1
23 76 1
23 266 1
23 267 1
23 268 1
23 269 1
23 270 1
24 40 2
24 41 1
24 44 1
24 48 2
24 54 1
24 56 2
24 64 1
24 72 2
24 89 2
24 94 1
24 106 1
24 142 1
24 158 1
24 192 2
24 271 1
24 272 1
24 273 1
24 274 1
24 275 1
24 276 1
24 277 2
24 278 1
24 279 1
24 280 1
24 281 1
24 282 1
24 283 1
24 284 1
24 285 2
24 286 1
24 287 1
25 168 1
25 198 1
25 288 1
25 289 1
25 290 1
26 49 1
26 121 1
26 226 2
26 236 1
26 268 1
26 277 1
26 291 1
26 292 1
26 293 1
26 294 1
26 295 1
26 296 1
26 297 1
26 298 1
26 299 1
27 49 1
27 73 1
27 95 1
27 182 1
27 226 1
27 300 1
27 301 1
27 302 1
27 303 1
27 304 1
27 305 1
27 306 1
27 307 1
28 41 1
28 49 3
28 73 1
28 75 1
28 76 1
28 105 2
28 120 1
28 127 2
28 153 1
28 182 1
28 226 1
28 288 2
28 308 1
28 309 1
28 310 1
28 311 1
28 312 2
28 313 1
28 314 1
28 315 1
28 316 1
29 41 1
29 49 1
29 94 1
29 123 1
29 153 1
29 289 1
29 317 1
29 318 1
29 319 2
29 320 1
29 321 1
30 23 1
30 41 3
30 47 1
30 66 2
30 91 1
30 168 1
30 182 2
30 194 1
30 198 1
30 255 1
30 268 1
30 269 1
30 289 1
30 322 1
30 323 1
30 324 1
30 325 1
30 326 1
30 327 1
30 328 1
30 329 1
31 22 1
31 41 1
31 45 1
31 49 1
31 86 2
31 95 1
31 103 1
31 182 2
31 184 1
31 197 1
31 272 2
31 289 1
31 330 1
31 331 1
31 332 1
31 333 1
31 334 1
31 335 1
32 11 1
32 41 1
32 67 1
32 76 1
32 95 3
32 105 1
32 126 1
32 177 1
32 182 1
32 191 2
32 227 1
32 336 1
32 337 1
32 338 1
32 339 1
32 340 1
32 341 1
32 342 2
32 343 1
32 344 1
32 345 1
32 346 1
32 347 1
32 348 1
32 349 1
32 350 1
32 351 2
32 352 1
32 353 1
32 354 1
32 355 1
32 356 1
32 357 1
32 358 1
33 41 2
33 95 2
33 98 1
33 123 2
33 163 2
33 177 1
33 182 2
33 190 1
33 226 4
33 243 1
33 256 1
33 327 1
33 344 3
33 345 1
33 352 1
33 359 1
33 360 1
33 361 1
33 362 1
33 363 1
33 364 1
33 365 2
33 366 1
33 367 1
33 368 3
33 369 1
33 370 1
33 371 2
33 372 1
33 373 1
33 374 1
33 375 1
33 376 1
34 21 1
34 40 1
34 95 1
34 268 1
34 377 1
35 44 1
35 86 1
35 87 1
35 88 1
35 378 1
36 49 1
36 56 1
36 75 1
36 105 1
36 117 1
36 147 1
36 158 1
36 182 1
36 379 1
36 380 1
36 381 1
36 382 1
37 11 1
37 41 1
37 191 1
37 242 1
37 251 1
37 289 1
37 320 1
37 352 1
37 383 1
37 384 1
37 385 1
37 386 1
37 387 1
37 388 1
37 389 1
37 390 1
37 391 1
38 49 1
38 105 1
38 182 1
38 208 1
38 213 1
38 392 1
38 393 1
38 394 1
39 28 1
39 40 1
39 86 1
39 395 1
39 396 1
39 397 1
39 398 1
40 24 1
40 41 2
40 102 1
40 127 2
40 130 2
40 251 2
40 283 1
40 288 1
40 322 1
40 399 1
40 400 1
40 401 1
40 402 1
40 403 1
40 404 1
41 19 1
41 41 1
41 49 1
41 102 2
41 127 1
41 154 2
41 190 1
41 195 1
41 252 1
41 253 1
41 255 1
41 257 3
41 288 2
41 315 1
41 405 1
41 406 1
41 407 1
41 408 1
41 409 1
41 410 1
41 411 1
41 412 1
42 40 1
42 41 1
42 48 1
42 49 1
42 76 1
42 95 1
42 103 1
42 105 1
42 182 2
42 268 1
42 326 1
42 377 1
42 379 1
42 381 1
42 413 1
42 414 1
42 415 1
42 416 1
42 417 1
42 418 1
43 49 1
43 288 1
43 290 1
44 49 1
44 182 1
44 419 1
45 40 1
45 72 1
45 85 1
45 199 1
45 420 1
45 421 1
45 422 1
45 423 1
46 38 1
46 44 1
46 49 1
46 66 1
46 226 1
46 424 1
46 425 1
47 11 1
47 17 1
47 24 1
47 49 1
47 86 2
47 120 1
47 127 1
47 182 1
47 212 1
47 254 2
47 331 1
47 373 1
47 402 1
47 426 1
47 427 1
47 428 1
47 429 1
47 430 1
47 431 4
47 432 1
47 433 1
47 434 1
47 435 1
47 436 1
47 437 1
47 438 1
47 439 1
47 440 4
47 441 1
47 442 1
47 443 1
47 444 1
47 445 1
48 17 1
48 40 1
48 49 2
48 75 1
48 86 1
48 91 1
48 102 2
48 127 1
48 153 1
48 176 1
48 182 1
48 244 1
48 249 1
48 252 1
48 253 2
48 269 1
48 288 1
48 392 1
48 446 1
48 447 1
48 448 1
48 449 1
48 450 1
48 451 1
48 452 1
48 453 1
48 454 1
48 455 1
48 456 2
49 41 1
49 163 1
49 272 1
49 351 1
49 367 1
49 434 1
49 457 1
49 458 1
49 459 1
49 460 1
49 461 1
49 462 1
49 463 1
50 24 1
50 40 1
50 42 1
50 49 1
50 127 2
50 182 2
50 191 1
50 201 1
50 245 1
50 248 1
50 350 1
50 353 1
50 354 1
50 402 1
50 410 1
50 464 1
50 465 1
50 466 1
50 467 1
50 468 1
50 469 1
50 470 1
50 471 1
51 40 1
51 102 1
51 182 2
51 290 1
51 340 1
51 472 1
51 473 1
51 474 1
51 475 1
51 476 1
52 19 1
52 40 1
52 49 1
52 95 1
52 105 1
52 162 1
52 303 1
52 402 1
52 477 1
52 478 1
52 479 1
52 480 1
52 481 1
52 482 1
52 483 1
53 19 2
53 27 1
53 66 1
53 103 1
53 117 1
53 163 1
53 182 1
53 478 1
53 481 1
53 484 1
53 485 1
53 486 1
53 487 1
53 488 1
53 489 1
53 490 1
53 491 1
53 492 1
54 42 1
54 142 1
54 176 1
54 182 1
54 245 1
54 268 1
54 277 1
54 295 3
54 379 1
54 381 1
54 493 1
54 494 1
54 495 1
54 496 1
54 497 1
55 11 1
55 41 1
55 68 1
55 74 1
55 96 1
55 182 2
55 184 3
55 186 1
55 193 1
55 226 1
55 327 1
55 334 1
55 337 1
55 344 1
55 377 1
55 433 1
55 434 1
55 498 1
55 499 1
55 500 1
55 501 1
55 502 1
55 503 1
55 504 1
55 505 1
55 506 1
56 11 1
56 41 1
56 86 1
56 91 1
56 182 1
56 194 1
56 332 1
56 396 1
56 507 1
56 508 1
56 509 1
57 41 1
57 44 1
57 64 1
57 86 1
57 186 1
57 226 1
57 424 1
57 510 1
57 511 1
58 208 1
58 433 1
58 512 1
58 513 1
58 514 1
58 515 1
59 41 1
59 76 1
59 163 1
59 516 1
59 517 1
59 518 1
60 23 1
60 41 2
60 73 1
60 184 1
60 227 1
60 300 1
60 317 1
60 333 1
60 434 1
60 509 1
60 519 1
60 520 1
60 521 1
60 522 1
60 523 1
60 524 1
61 40 1
61 49 1
61 108 1
61 288 1
62 41 2
62 57 1
62 68 1
62 73 1
62 75 1
62 91 1
62 94 1
62 95 2
62 126 2
62 133 1
62 154 1
62 182 1
62 183 2
62 184 1
62 186 1
62 191 6
62 201 4
62 203 1
62 226 1
62 272 1
62 288 1
62 319 1
62 342 1
62 350 3
62 373 1
62 401 1
62 402 1
62 417 3
62 427 1
62 434 1
62 460 1
62 468 2
62 493 5
62 516 1
62 525 2
62 526 1
62 527 1
62 528 1
62 529 1
62 530 1
62 531 1
62 532 1
62 533 1
62 534 1
62 535 1
62 536 2
62 537 2
62 538 1
62 539 2
62 540 1
62 541 1
62 542 1
62 543 1
62 544 1
62 545 1
62 546 1
62 547 1
62 548 1
62 549 1
62 550 1
63 49 2
63 58 1
63 91 1
63 94 1
63 103 1
63 182 1
63 198 1
63 300 1
63 316 1
63 382 1
63 494 2
63 509 1
63 536 1
63 551 1
63 552 1
63 553 1
64 24 1
64 41 1
64 72 1
64 86 1
64 103 1
64 105 1
64 120 1
64 123 1
64 182 1
64 184 1
64 342 1
64 554 1
64 555 1
65 35 1
65 40 1
65 94 1
65 103 1
65 182 1
65 199 1
65 290 1
65 297 1
65 300 1
65 347 1
65 352 1
65 382 1
65 556 1
65 557 1
65 558 1
66 4 1
66 33 2
66 75 2
66 91 2
66 95 2
66 100 1
66 122 1
66 163 2
66 177 1
66 182 3
66 289 1
66 369 1
66 377 1
66 559 1
66 560 1
66 561 1
66 562 1
66 563 1
66 564 1
66 565 1
66 566 1
66 567 2
66 568 1
66 569 1
66 570 1
66 571 1
66 572 1
66 573 1
66 574 2
67 11 1
67 94 1
67 274 1
67 575 1
68 9 2
68 15 1
68 33 2
68 38 2
68 41 1
68 44 1
68 46 1
68 66 2
68 69 1
68 75 3
68 90 1
68 105 1
68 182 3
68 226 2
68 290 1
68 377 2
68 424 3
68 441 1
68 511 1
68 576 1
68 577 1
68 578 1
68 579 1
68 580 1
68 581 1
68 582 1
68 583 1
68 584 1
68 585 3
69 41 1
69 58 4
69 95 2
69 123 2
69 237 1
69 290 1
69 326 1
69 351 1
69 381 1
69 396 1
69 469 1
69 475 2
69 519 1
69 586 1
69 587 1
69 588 1
69 589 1
69 590 1
69 591 1
69 592 1
69 593 1
69 594 1
70 41 1
70 123 1
70 165 1
70 268 1
70 595 1
70 596 1
70 597 1
70 598 1
70 599 1
70 600 1
70 601 1
71 49 1
71 57 1
71 66 1
71 91 1
71 94 1
71 123 2
71 152 1
71 170 1
71 191 1
71 201 1
71 226 3
71 319 3
71 325 2
71 351 1
71 380 1
71 407 1
71 432 2
71 509 1
71 602 1
71 603 1
71 604 1
71 605 1
71 606 2
71 607 1
71 608 2
71 609 1
71 610 1
71 611 1
71 612 1
71 613 1
71 614 1
71 615 1
71 616 2
71 617 2
72 18 2
72 49 2
72 76 1
72 182 1
72 290 1
72 389 1
72 391 1
72 618 1
72 619 1
73 123 1
73 177 1
73 237 1
73 245 1
73 539 1
73 620 1
73 621 1
73 622 1
73 623 1
73 624 1
73 625 1
73 626 1
73 627 2
74 40 1
74 42 1
74 49 1
74 72 1
74 132 1
74 174 1
74 268 1
74 402 1
74 628 2
74 629 2
75 38 1
75 49 1
75 68 1
75 177 1
75 213 1
75 226 2
75 245 1
75 424 1
75 511 1
75 568 1
75 630 3
76 72 1
76 91 1
76 95 2
76 105 1
76 112 1
76 182 2
76 183 2
76 191 2
76 201 1
76 226 1
76 243 1
76 245 1
76 310 1
76 315 1
76 475 1
76 484 1
76 493 1
76 594 1
76 631 1
76 632 4
76 633 1
76 634 1
76 635 1
76 636 1
76 637 2
76 638 1
76 639 1
76 640 1
77 44 1
77 49 1
77 64 1
77 66 1
77 182 1
77 186 1
77 196 1
77 226 2
77 270 1
77 290 1
77 424 1
77 425 1
77 641 1
77 642 1
78 38 1
78 41 1
78 89 1
78 322 1
79 41 1
79 68 1
79 73 1
79 91 1
79 95 1
79 102 1
79 103 1
79 123 1
79 182 1
79 347 1
79 436 1
79 643 1
79 644 1
79 645 1
80 105 1
80 646 1
80 647 1
80 648 1
81 38 1
81 40 1
81 103 1
81 105 1
81 176 1
81 213 1
81 226 2
81 297 1
81 354 1
81 413 1
81 579 1
81 625 1
81 649 2
81 650 1
81 651 1
81 652 1
81 653 1
81 654 1
81 655 1
81 656 1
81 657 1
81 658 1
81 659 1
81 660 1
82 38 1
82 39 1
82 41 1
82 44 1
82 70 1
82 95 1
82 100 1
82 103 2
82 123 1
82 172 1
82 182 1
82 199 1
82 226 2
82 263 1
82 350 1
82 367 1
82 382 1
82 422 2
82 444 1
82 509 1
82 545 2
82 661 1
82 662 2
82 663 1
82 664 1
82 665 1
82 666 1
83 38 2
83 95 1
83 105 1
83 182 1
83 189 1
83 203 2
83 255 1
83 298 1
83 354 1
83 545 1
83 567 1
83 667 1
83 668 1
84 186 1
84 325 1
84 669 1
85 38 1
85 49 1
85 194 1
85 289 1
85 332 1
85 354 1
85 567 1
85 670 1
85 671 1
85 672 1
86 38 1
86 49 1
86 200 1
86 568 1
86 665 1
86 673 1
86 674 1
86 675 1
86 676 1
87 24 1
87 41 1
87 91 1
87 153 2
87 182 1
87 208 1
87 247 1
87 270 1
87 347 1
87 350 1
87 429 1
87 444 1
87 554 1
87 619 1
87 677 1
87 678 1
87 679 1
87 680 1
87 681 1
87 682 1
87 683 1
87 684 1
87 685 1
88 15 1
88 38 1
88 44 1
88 49 2
88 66 3
88 103 2
88 105 2
88 177 1
88 182 2
88 191 3
88 201 1
88 226 1
88 245 1
88 290 2
88 310 2
88 358 2
88 373 1
88 424 2
88 471 1
88 511 3
88 576 2
88 582 1
88 625 1
88 686 1
88 687 1
88 688 1
89 41 1
89 42 3
89 64 1
89 117 1
89 239 1
89 268 1
89 285 1
89 568 1
89 585 1
89 689 1
89 690 1
89 691 1
89 692 1
89 693 1
89 694 1
90 28 1
90 38 1
90 182 1
90 310 1
90 352 1
90 354 1
90 493 2
90 535 1
90 606 1
90 695 1
90 696 1
90 697 1
91 38 1
91 40 1
91 103 1
91 199 1
91 290 1
91 325 1
91 340 1
91 644 1
91 698 1
91 699 1
92 105 1
92 182 1
92 270 1
92 290 1
92 354 1
92 576 1
92 580 1
92 652 1
92 700 1
92 701 1
92 702 1
92 703 1
92 704 1
92 705 2
93 38 1
93 45 1
93 49 1
93 226 1
93 310 1
93 347 1
93 354 1
93 382 2
93 655 1
93 706 1
93 707 1
94 38 1
94 49 1
94 72 1
94 177 1
94 224 1
94 226 1
94 708 1
94 709 1
94 710 1
94 711 1
94 712 1
95 49 1
95 58 1
95 176 1
95 354 1
95 417 1
95 632 1
95 713 1
95 714 1
95 715 1
95 716 1
95 717 1
96 49 2
96 103 2
96 182 1
96 186 1
96 290 1
96 325 1
96 545 1
96 594 1
96 644 1
96 709 1
97 32 1
97 41 2
97 48 2
97 68 1
97 182 1
97 255 1
97 282 1
97 285 1
97 290 1
97 567 1
97 652 1
97 696 1
97 718 1
97 719 1
97 720 1
97 721 1
97 722 1
97 723 1
97 724 1
98 44 1
98 75 1
98 118 1
98 119 1
98 182 1
98 191 1
98 226 1
98 251 1
98 290 1
98 511 1
98 725 1
98 726 1
98 727 1
99 24 1
99 41 1
99 42 1
99 47 1
99 182 1
99 322 1
99 358 1
99 545 1
99 567 1
99 625 1
99 643 1
99 728 1
99 729 1
99 730 1
99 731 1
99 732 1
100 38 1
100 40 1
100 41 1
100 49 1
100 69 1
100 89 1
100 289 1
100 322 1
100 325 1
100 331 1
100 334 1
100 382 1
100 402 1
100 623 1
100 652 1
100 703 1
100 704 1
100 733 1
101 38 1
101 49 1
101 58 1
101 69 1
101 73 1
101 95 2
101 98 1
101 99 1
101 123 1
101 126 2
101 182 3
101 237 1
101 239 1
101 257 1
101 352 1
101 380 1
101 434 2
101 445 1
101 469 1
101 470 1
101 564 1
101 734 1
101 735 1
101 736 3
101 737 1
101 738 1
101 739 1
101 740 1
101 741 1
101 742 1
102 41 1
102 73 1
102 90 1
102 182 1
102 199 1
102 290 1
102 300 1
102 743 1
102 744 2
103 24 1
103 41 1
103 49 1
103 91 3
103 105 1
103 126 1
103 182 1
103 183 1
103 191 2
103 213 1
103 237 1
103 239 2
103 245 1
103 255 1
103 310 1
103 332 1
103 339 1
103 350 2
103 351 2
103 354 1
103 368 1
103 382 2
103 509 2
103 516 1
103 622 1
103 627 5
103 635 1
103 639 1
103 643 1
103 658 2
103 721 2
103 745 1
103 746 1
103 747 1
103 748 1
103 749 1
103 750 1
103 751 1
103 752 1
103 753 1
103 754 1
103 755 1
103 756 1
103 757 1
103 758 1
104 21 1
104 49 1
104 91 1
104 95 1
104 98 1
104 103 1
104 123 2
104 182 2
104 194 1
104 226 1
104 270 1
104 289 1
104 347 1
104 432 1
104 457 1
104 706 1
104 759 1
104 760 2
104 761 3
104 762 1
104 763 1
104 764 1
105 38 1
105 49 1
105 182 1
105 652 2
105 709 1
105 765 1
105 766 1
106 84 1
106 87 1
106 88 1
106 226 1
106 239 1
106 514 1
106 767 1
106 768 1
107 38 2
107 41 1
107 72 1
107 76 1
107 87 1
107 88 1
107 89 1
107 153 1
107 322 2
107 709 1
107 769 1
107 770 1
108 38 2
108 42 1
108 49 1
108 649 1
108 671 1
108 703 1
108 771 1
109 38 1
109 44 1
109 49 2
110 40 1
110 44 1
110 48 1
110 200 1
110 632 1
110 716 1
110 717 1
110 772 2
111 32 1
111 49 1
111 73 1
111 119 1
111 152 1
111 158 1
111 182 1
111 773 1
111 774 2
111 775 1
111 776 1
112 11 1
112 41 1
112 64 1
112 86 1
112 239 1
112 436 1
112 671 2
112 767 1
112 777 1
112 778 1
112 779 1
112 780 1
113 38 1
113 40 1
113 42 1
113 48 1
113 76 1
113 86 1
113 268 1
113 690 1
113 781 1
113 782 1
113 783 1
114 35 1
114 40 1
114 86 1
114 103 1
114 198 1
114 554 1
114 555 1
114 784 2
114 785 1
115 41 1
115 48 1
115 239 1
115 290 1
115 514 1
115 786 1
115 787 1
116 38 2
116 49 1
116 86 1
116 87 3
116 88 2
116 130 1
116 694 1
116 714 1
117 75 1
117 94 1
117 133 1
117 182 1
117 226 1
117 358 1
117 615 1
117 788 1
117 789 2
117 790 2
117 791 1
118 39 1
118 41 1
118 45 2
118 86 1
118 88 3
118 118 1
118 123 1
118 258 1
118 325 1
118 327 1
118 342 2
118 347 1
118 382 1
118 402 1
118 545 3
118 555 3
118 569 1
118 669 1
118 779 1
118 792 1
118 793 2
118 794 1
118 795 1
118 796 1
119 28 1
119 41 1
119 58 1
119 68 1
119 91 1
119 117 1
119 123 1
119 152 1
119 182 1
119 191 1
119 242 1
119 247 1
119 257 1
119 330 1
119 367 1
119 384 1
119 469 2
119 649 1
119 655 1
119 784 1
119 797 1
119 798 1
119 799 1
120 28 1
120 38 1
120 41 1
120 49 1
120 85 1
120 95 1
120 103 1
120 153 1
120 182 1
120 189 1
120 255 1
120 288 1
120 306 1
120 310 1
120 327 1
120 352 1
120 354 1
120 382 1
120 391 1
120 402 1
120 469 1
120 567 1
120 624 1
120 747 1
120 800 1
120 801 1
120 802 1
121 41 1
121 44 1
121 182 1
121 200 1
121 201 1
121 290 1
121 322 1
121 632 1
122 38 1
122 41 1
122 64 1
122 65 1
122 86 1
122 182 1
122 195 1
122 218 1
122 262 1
122 345 1
122 517 1
122 623 1
122 743 1
122 767 1
122 803 1
122 804 1
122 805 1
122 806 1
122 807 1
123 24 1
123 28 1
123 38 1
123 41 2
123 45 1
123 85 1
123 88 1
123 103 1
123 182 1
123 354 1
123 358 1
123 382 1
123 610 1
123 808 1
123 809 1
124 24 5
124 38 1
124 41 1
124 49 1
124 63 2
124 66 2
124 68 1
124 84 1
124 103 1
124 177 4
124 182 2
124 193 1
124 203 1
124 257 1
124 315 1
124 322 1
124 325 2
124 334 1
124 337 1
124 342 1
124 352 2
124 373 5
124 377 1
124 382 1
124 475 1
124 509 1
124 615 1
124 679 1
124 731 1
124 771 1
124 810 1
124 811 1
124 812 5
124 813 1
124 814 1
124 815 1
124 816 1
124 817 1
125 38 1
125 45 1
125 86 1
125 671 1
125 818 1
125 819 1
126 41 1
126 90 1
126 105 1
126 475 1
126 554 1
126 820 1
127 41 3
127 48 3
127 72 1
127 90 2
127 105 1
127 182 3
127 290 1
127 533 1
127 704 1
127 712 1
127 743 1
127 809 1
127 821 1
127 822 1
127 823 1
127 824 1
127 825 1
127 826 1
128 86 1
128 182 1
128 226 1
128 290 1
128 827 1
129 86 1
129 182 1
129 200 1
129 290 1
129 828 2
129 829 1
130 182 1
130 268 1
130 290 1
130 554 1
130 726 1
130 784 1
130 830 1
131 11 1
131 40 1
131 41 1
131 91 1
131 177 1
131 182 1
131 298 1
131 377 1
131 469 1
131 565 1
131 634 1
131 644 1
131 745 1
131 831 1
131 832 1
131 833 1
132 44 1
132 86 1
132 88 1
132 182 2
132 632 1
132 834 1
132 835 1
133 32 1
133 49 1
133 182 1
133 290 1
133 325 1
133 342 1
133 514 2
133 545 1
133 623 1
133 718 1
133 836 1
133 837 1
134 38 1
134 40 1
134 105 1
134 182 1
134 199 1
134 255 1
134 270 1
134 417 1
134 435 1
134 460 1
134 646 1
134 761 1
134 838 1
134 839 1
134 840 1
134 841 1
134 842 1
134 843 1
134 844 1
135 23 1
135 41 1
135 86 1
135 95 2
135 182 1
135 327 1
135 353 1
135 382 1
135 413 1
135 415 1
135 469 1
135 845 1
135 846 1
136 23 2
136 49 1
136 86 1
136 103 1
136 123 2
136 139 1
136 182 1
136 242 1
136 272 1
136 326 1
136 331 1
136 382 1
136 396 1
136 441 1
136 457 1
136 509 1
136 522 1
136 593 1
136 847 1
136 848 1
137 9 1
137 91 1
137 94 1
137 105 1
137 127 1
137 182 1
137 226 1
137 347 2
137 353 1
137 402 1
137 455 1
137 567 1
137 653 1
137 706 1
137 849 1
137 850 1
137 851 1
137 852 1
137 853 1
137 854 1
138 9 1
138 86 1
138 95 1
138 182 1
138 347 1
138 823 1
139 16 1
139 19 1
139 40 1
139 49 2
139 76 1
139 86 2
139 97 3
139 123 9
139 127 7
139 162 1
139 163 3
139 182 1
139 233 2
139 236 1
139 237 2
139 256 2
139 289 1
139 298 1
139 327 1
139 350 1
139 354 1
139 360 1
139 391 1
139 552 1
139 679 1
139 771 1
139 855 1
139 856 2
139 857 1
140 49 1
140 147 1
140 182 1
140 379 1
140 381 1
140 382 1
141 38 1
141 44 1
141 49 1
141 226 1
141 632 2
141 829 1
142 41 1
142 117 1
142 507 1
142 567 1
142 577 1
143 49 1
143 64 1
143 84 2
143 139 1
143 243 1
143 577 1
143 732 1
143 858 1
144 9 1
144 38 1
144 49 4
144 86 1
144 98 1
144 123 1
144 194 1
144 285 1
144 301 1
144 327 1
144 369 1
144 522 1
144 561 1
144 859 1
144 860 1
144 861 1
144 862 1
144 863 1
144 864 1
144 865 1
145 11 1
145 19 1
145 30 1
145 40 1
145 49 1
145 51 1
145 233 1
145 276 1
145 310 1
145 345 1
145 358 1
145 443 1
145 519 1
145 645 1
145 738 1
145 759 1
145 760 2
145 866 1
145 867 1
145 868 1
145 869 1
145 870 1
145 871 1
145 872 1
145 873 1
145 874 1
145 875 1
145 876 1
145 877 1
145 878 2
145 879 1
145 880 2
145 881 1
145 882 1
145 883 1
145 884 1
145 885 1
145 886 2
145 887 1
145 888 1
146 41 1
146 98 1
146 117 1
146 166 1
146 168 1
146 197 1
146 198 1
146 402 1
146 475 1
146 476 1
146 889 1
147 15 1
147 33 1
147 41 2
147 42 1
147 54 2
147 83 2
147 199 3
147 226 1
147 331 1
147 487 1
147 721 1
147 890 1
147 891 1
147 892 1
147 893 1
147 894 1
148 38 1
148 86 1
148 182 1
148 822 1
148 852 1
149 23 1
149 41 1
149 98 1
149 102 2
149 117 1
149 124 1
149 193 1
149 198 1
149 257 1
149 325 3
149 403 1
149 425 1
149 545 1
149 554 1
149 804 1
149 895 1
149 896 1
150 24 1
150 39 1
150 41 2
150 86 1
150 95 1
150 103 1
150 182 1
150 183 1
150 203 1
150 226 1
150 227 1
150 245 1
150 300 1
150 441 1
150 632 1
150 852 1
150 897 1
150 898 1
150 899 1
150 900 1
151 182 1
151 290 1
151 377 1
151 475 1
151 522 1
151 565 1
151 832 1
151 889 1
151 901 1
151 902 1
151 903 1
152 38 1
152 44 1
152 105 1
152 226 1
152 632 1
152 772 1
153 17 1
153 40 1
153 47 1
153 95 1
153 182 1
153 199 1
153 257 1
153 310 1
153 325 1
153 475 1
153 554 1
154 23 1
154 49 1
154 75 1
154 77 1
154 91 4
154 95 3
154 113 2
154 182 1
154 184 1
154 197 2
154 272 1
154 331 1
154 334 1
154 377 1
154 382 1
154 396 1
154 402 1
154 434 1
154 537 1
154 592 1
154 904 1
154 905 1
154 906 1
154 907 1
154 908 1
155 41 1
155 49 1
155 76 1
155 91 3
155 93 1
155 95 2
155 113 1
155 123 1
155 147 2
155 153 1
155 182 2
155 227 1
155 242 1
155 302 1
155 332 1
155 335 1
155 351 1
155 377 1
155 381 2
155 382 3
155 403 1
155 494 1
155 495 1
155 507 1
155 509 1
155 620 1
155 909 1
155 910 1
155 911 1
155 912 1
155 913 1
155 914 1
156 91 1
156 95 1
156 126 1
156 153 1
156 182 1
156 377 1
156 470 1
156 534 1
156 545 1
156 915 1
156 916 1
156 917 1
156 918 1
156 919 1
156 920 1
156 921 1
156 922 1
157 42 1
157 49 1
157 95 1
157 103 1
157 105 1
157 182 1
157 298 1
157 381 1
157 382 1
157 923 1
158 77 1
158 166 1
158 182 1
158 191 1
158 197 1
158 245 1
158 289 1
158 333 1
158 344 1
158 352 1
158 924 1
158 925 1
158 926 1
158 927 1
159 49 1
159 75 1
159 77 1
159 86 1
159 147 1
159 182 1
159 191 1
159 291 1
159 300 1
159 396 1
159 726 1
159 896 1
159 928 1
159 929 1
159 930 1
159 931 1
159 932 1
159 933 1
160 40 2
160 86 1
160 95 1
160 115 2
160 278 1
160 380 1
160 679 1
160 684 1
160 789 1
160 816 1
160 934 1
160 935 1
161 38 1
161 44 1
161 86 1
161 226 1
161 936 1
161 937 1
161 938 1
161 939 1
162 21 1
162 41 1
162 95 1
162 139 1
163 41 1
163 105 1
163 182 1
163 382 1
163 726 1
164 17 1
164 19 1
164 77 1
164 108 1
164 131 1
164 278 1
164 386 1
164 726 1
164 836 1
164 940 1
164 941 1
164 942 1
165 38 1
165 44 1
165 49 1
165 632 1
165 717 1
165 759 1
165 772 1
166 9 2
166 15 1
166 33 2
166 38 1
166 44 2
166 46 2
166 49 4
166 69 1
166 75 3
166 86 1
166 200 3
166 209 1
166 245 1
166 307 1
166 322 2
166 350 1
166 422 1
166 632 2
166 662 1
166 706 1
166 716 1
166 717 2
166 943 1
166 944 1
166 945 1
166 946 1
166 947 1
166 948 1
167 38 1
167 40 1
167 44 1
167 48 1
167 322 1
167 422 1
167 589 1
167 662 1
167 709 1
168 38 1
168 44 1
168 86 1
168 182 1
168 226 1
168 290 1
168 652 1
168 704 1
169 2 1
169 3 1
169 8 1
169 9 3
169 11 5
169 13 1
169 15 1
169 17 1
169 20 1
169 25 2
169 32 1
169 33 6
169 34 2
169 38 1
169 41 1
169 43 1
169 44 2
169 47 1
169 49 6
169 50 1
169 53 1
169 54 1
169 56 1
169 57 2
169 59 1
169 64 1
169 68 1
169 74 2
169 75 2
169 79 1
169 80 1
169 81 1
169 82 1
169 90 1
169 119 1
169 182 3
169 208 1
169 224 1
169 255 1
169 282 1
169 290 1
169 358 1
169 433 1
169 436 1
169 671 1
169 706 1
169 783 1
169 822 1
169 949 1
169 950 1
169 951 1
169 952 1
169 953 1
169 954 3
169 955 1
169 956 1
169 957 6
169 958 1
169 959 6
170 38 1
170 44 1
170 86 1
170 709 1
170 960 1
171 40 1
171 44 1
171 48 1
171 662 1
171 709 1
171 725 1
172 38 1
172 42 1
172 44 1
172 88 1
172 239 1
172 469 1
172 662 1
172 956 1
173 38 1
173 44 1
173 86 1
173 226 1
173 601 1
173 700 1
173 961 1
173 962 1
174 41 1
174 57 1
174 347 1
174 585 1
174 620 1
175 44 1
175 108 1
175 182 1
175 187 1
175 434 1
175 717 1
175 890 1
175 963 1
175 964 1
175 965 1
175 966 1
176 44 1
176 95 1
176 103 1
176 108 1
176 434 1
176 699 1
176 956 1
176 967 1
177 44 1
177 108 1
177 182 1
177 968 1
177 969 1
177 970 1
177 971 1
178 24 1
178 39 2
178 44 1
178 64 1
178 95 3
178 103 1
178 182 2
178 203 1
178 313 1
178 368 1
178 377 1
178 970 1
178 972 1
178 973 1
178 974 1
178 975 1
178 976 1
179 4 2
179 44 1
179 64 1
179 75 1
179 91 1
179 94 1
179 95 1
179 182 1
179 193 1
179 203 1
179 213 1
179 224 1
179 327 1
179 391 1
179 438 1
179 460 1
179 523 1
179 623 1
179 834 1
179 864 1
179 901 1
179 932 1
179 977 1
179 978 1
179 979 1
179 980 1
179 981 1
179 982 1
179 983 1
179 984 1
179 985 1
179 986 1
179 987 1
179 988 1
179 989 1
179 990 1
179 991 1
180 38 1
180 44 1
180 49 1
181 19 1
181 24 1
181 30 1
181 44 1
181 46 1
181 64 2
181 68 1
181 130 1
181 165 1
181 176 1
181 182 4
181 195 1
181 233 1
181 255 4
181 278 1
181 290 1
181 297 1
181 315 1
181 358 1
181 402 1
181 427 1
181 435 2
181 436 1
181 450 1
181 469 1
181 566 1
181 600 1
181 841 2
181 989 1
181 992 1
181 993 1
181 994 1
181 995 1
181 996 1
181 997 1
181 998 1
181 999 1
181 1000 1
181 1001 1
181 1002 1
181 1003 1
181 1004 1
181 1005 1
181 1006 1
181 1007 1
181 1008 1
181 1009 1
181 1010 1
182 30 1
182 44 1
182 46 1
182 54 1
182 114 1
182 182 2
182 342 1
182 433 1
182 528 2
182 934 1
182 1001 1
182 1002 1
182 1011 1
182 1012 2
182 1013 1
182 1014 1
182 1015 1
182 1016 1
183 44 1
183 94 1
183 95 1
183 127 3
183 163 1
183 182 1
183 288 1
183 290 1
183 313 1
183 363 1
183 773 1
183 792 1
183 1017 1
184 17 1
184 30 1
184 44 1
184 103 2
184 108 1
184 182 1
184 215 1
184 399 1
184 433 1
184 1018 1
184 1019 1
184 1020 1
184 1021 1
184 1022 2
184 1023 1
184 1024 1
184 1025 1
185 9 1
185 33 1
185 44 1
185 94 2
185 105 1
185 226 2
185 290 1
185 546 1
185 699 1
185 982 1
185 1026 2
186 21 1
186 44 1
186 49 1
186 86 1
186 169 1
186 562 1
186 1027 1
187 11 1
187 33 1
187 42 2
187 44 1
187 49 1
187 54 2
187 76 2
187 84 1
187 86 1
187 169 1
187 177 1
187 213 1
187 229 1
187 257 1
187 380 1
187 417 2
187 545 1
187 563 2
187 876 1
187 943 1
187 1028 1
187 1029 1
187 1030 1
187 1031 1
188 41 1
188 42 2
188 44 1
188 75 2
188 76 1
188 86 1
188 127 1
188 169 1
188 248 1
188 257 1
188 288 1
188 357 1
188 419 1
188 562 1
188 606 1
188 726 2
188 763 1
188 773 1
188 789 1
188 1032 1
188 1033 1
188 1034 1
188 1035 1
188 1036 1
188 1037 1
188 1038 2
188 1039 1
188 1040 1
188 1041 1
188 1042 1
188 1043 1
188 1044 1
188 1045 1
188 1046 1
188 1047 1
188 1048 1
189 33 1
189 38 1
189 40 1
189 44 1
189 49 1
189 75 1
189 127 1
189 146 1
189 257 1
189 320 1
189 335 1
189 354 1
189 367 1
189 369 1
189 399 1
189 509 2
189 562 1
189 567 1
189 654 1
189 838 2
189 1049 1
189 1050 1
189 1051 1
189 1052 1
189 1053 1
189 1054 1
189 1055 1
189 1056 1
189 1057 1
190 11 1
190 40 1
190 44 1
190 49 1
190 64 1
190 86 1
190 219 1
190 257 1
190 320 1
190 417 2
190 475 2
190 562 1
190 585 1
190 684 1
190 1030 1
190 1049 1
190 1058 1
190 1059 1
190 1060 1
190 1061 1
190 1062 1
190 1063 1
190 1064 1
190 1065 1
191 40 1
191 44 1
191 48 1
191 86 1
191 188 1
191 334 1
192 40 1
192 44 1
192 594 1
192 1064 1
192 1066 1
193 86 1
193 163 1
193 182 2
193 585 1
193 934 1
193 1066 1
193 1067 2
194 75 1
194 163 1
194 320 1
194 585 1
194 1068 1
195 40 1
195 86 1
195 507 1
195 567 1
195 699 1
196 41 2
196 76 1
196 94 1
196 95 1
196 99 1
196 118 1
196 119 1
196 182 1
196 320 1
196 426 1
196 508 1
196 523 1
196 567 2
196 698 1
196 934 1
196 1068 1
196 1069 1
197 322 1
197 351 1
197 407 1
197 614 1
197 1070 1
197 1071 1
198 40 1
198 1072 1
198 1073 1
199 39 1
199 86 1
199 182 1
199 979 1
199 1074 1
199 1075 2
199 1076 2
200 4 2
200 38 1
200 49 1
200 403 1
200 406 1
200 545 1
200 717 1
200 823 1
200 950 1
200 971 1
200 976 1
200 1077 1
200 1078 1
200 1079 1
201 38 1
201 54 1
201 76 1
201 86 2
201 182 1
201 445 1
201 541 1
201 615 1
201 1080 1
201 1081 1
201 1082 1
201 1083 1
202 33 1
202 42 1
202 44 1
202 49 1
202 75 2
202 563 1
202 585 1
202 793 1
203 19 1
203 41 1
203 54 1
203 64 1
203 97 1
203 256 1
203 717 1
203 890 1
203 995 1
203 1084 1
204 19 1
204 65 1
204 163 1
204 717 1
204 890 1
204 1085 1
205 41 1
205 581 1
205 890 1
205 940 1
205 1086 1
205 1087 1
206 54 1
206 91 2
206 184 2
206 197 1
206 242 1
206 256 1
206 360 1
206 396 1
206 495 1
206 516 1
206 695 1
206 890 1
206 1088 1
207 41 1
207 86 1
207 123 1
207 510 2
207 568 1
208 123 1
208 127 1
208 130 3
208 478 2
208 491 1
208 540 1
208 568 1
208 572 1
208 1089 2
208 1090 1
208 1091 2
208 1092 1
209 17 1
209 90 1
209 102 1
209 105 1
209 122 1
209 123 1
209 174 1
209 289 1
209 323 1
209 334 3
209 382 3
209 699 1
209 715 3
209 1093 1
209 1094 2
210 41 3
210 123 1
210 162 1
210 172 1
210 182 1
210 382 2
210 568 1
210 1095 2
210 1096 1
211 11 1
211 19 2
211 40 2
211 42 1
211 75 1
211 86 1
211 95 4
211 109 1
211 112 2
211 123 1
211 139 1
211 159 1
211 176 1
211 184 1
211 197 2
211 295 3
211 334 2
211 351 1
211 396 1
211 466 1
211 493 1
211 643 1
211 710 1
211 893 1
211 979 1
211 1097 1
211 1098 1
211 1099 1
211 1100 1
211 1101 1
211 1102 1
211 1103 1
211 1104 5
211 1105 1
211 1106 1
211 1107 1
211 1108 1
211 1109 1
211 1110 1
211 1111 1
211 1112 1
211 1113 1
211 1114 1
211 1115 1
211 1116 1
211 1117 5
211 1118 1
211 1119 1
211 1120 1
211 1121 1
211 1122 1
212 41 1
212 788 1
212 899 1
212 1123 1
213 9 1
213 11 1
213 33 2
213 38 1
213 44 1
213 49 1
213 54 1
213 75 1
213 182 1
213 290 1
213 563 2
213 788 1
213 1028 1
213 1062 1
213 1107 1
214 41 1
214 86 1
214 123 1
214 1124 1
215 6 1
215 41 3
215 57 1
215 86 1
215 90 1
215 97 2
215 123 2
215 413 1
215 643 2
215 1125 1
215 1126 2
216 123 1
216 163 1
216 1117 1
216 1127 1
216 1128 1
217 40 2
217 49 1
217 90 1
217 123 3
217 163 1
217 1094 1
217 1129 1
218 41 1
218 103 1
218 112 1
218 172 1
218 701 1
218 816 1
218 1070 1
218 1130 1
218 1131 1
218 1132 1
219 6 1
219 19 4
219 27 3
219 38 1
219 40 2
219 41 1
219 51 4
219 65 2
219 73 1
219 75 1
219 77 1
219 94 1
219 100 2
219 109 3
219 117 1
219 123 6
219 130 2
219 138 1
219 152 1
219 163 1
219 197 1
219 215 1
219 297 1
219 342 1
219 353 1
219 460 1
219 498 1
219 567 1
219 589 1
219 692 1
219 694 1
219 721 1
219 886 1
219 1110 2
219 1112 2
219 1118 1
219 1133 2
219 1134 1
219 1135 1
219 1136 1
219 1137 1
219 1138 1
219 1139 1
219 1140 1
219 1141 1
219 1142 1
219 1143 1
219 1144 2
219 1145 1
219 1146 1
219 1147 2
219 1148 1
219 1149 1
219 1150 1
220 40 1
220 103 1
220 1151 1
220 1152 1
221 41 1
221 91 1
221 105 1
221 1153 1
222 41 2
222 75 1
222 95 1
222 103 1
222 153 1
222 162 2
222 170 1
222 209 1
222 330 1
222 382 1
222 431 1
222 484 1
222 494 1
222 509 1
222 848 1
222 1154 1
222 1155 1
222 1156 2
222 1157 1
222 1158 1
222 1159 1
222 1160 1
223 9 1
223 30 1
223 33 1
223 38 2
223 41 1
223 42 1
223 49 4
223 68 1
223 103 1
223 105 1
223 109 1
223 120 1
223 174 1
223 176 2
223 306 1
223 350 1
223 353 1
223 354 1
223 382 2
223 398 1
223 453 1
223 469 1
223 554 1
223 643 1
223 706 1
223 862 1
223 865 1
223 945 1
223 1161 1
223 1162 1
223 1163 1
223 1164 2
223 1165 1
223 1166 1
223 1167 1
224 38 1
224 44 1
224 86 1
224 200 1
224 245 1
224 354 1
224 1168 1
224 1169 1
225 41 1
225 49 1
225 73 1
225 91 1
225 98 1
225 113 1
225 193 1
225 226 1
225 293 1
225 337 1
225 432 1
225 475 1
225 476 1
225 514 1
225 606 1
225 620 1
225 1085 1
225 1170 1
225 1171 1
225 1172 1
226 103 1
226 227 1
226 256 1
226 475 1
226 699 1
226 1173 1
226 1174 1
227 64 1
227 75 1
227 182 2
227 227 1
227 256 1
227 475 2
227 536 1
227 567 1
227 1094 1
227 1107 1
227 1175 1
227 1176 1
227 1177 1
227 1178 1
228 108 2
228 225 1
228 256 2
228 433 1
228 469 1
228 495 1
228 1174 1
228 1179 1
229 108 1
229 139 1
229 227 1
229 407 1
229 475 2
229 788 1
229 1180 1
229 1181 1
230 105 1
230 112 1
230 182 1
230 256 1
230 258 1
230 434 1
230 475 1
230 536 1
230 1182 1
231 41 1
231 91 2
231 95 3
231 105 1
231 108 1
231 197 1
231 267 1
231 268 1
231 270 1
231 315 1
231 717 1
231 1034 1
231 1183 1
232 41 1
232 91 3
232 95 2
232 105 1
232 123 1
232 163 1
232 976 1
232 1034 1
233 19 1
233 41 1
233 65 1
233 91 1
233 95 1
233 103 1
233 197 1
233 717 1
233 971 1
233 1184 1
233 1185 1
233 1186 1
233 1187 1
234 17 1
234 41 2
234 91 1
234 95 1
234 103 1
234 123 1
234 237 1
234 476 1
234 759 1
234 1188 1
234 1189 1
235 38 1
235 44 1
235 86 1
235 182 1
235 226 1
235 245 1
235 290 1
235 379 1
236 41 1
236 86 1
236 123 1
236 1190 1
236 1191 1
236 1192 1
237 41 1
237 86 1
237 91 1
237 109 1
237 113 1
237 123 1
237 163 1
237 212 1
237 581 1
237 1094 1
238 40 1
238 41 1
238 109 1
238 113 1
238 310 1
238 352 1
238 376 1
238 434 1
238 509 1
238 536 1
238 1117 1
238 1193 1
239 41 2
239 103 2
239 108 2
239 310 1
239 516 1
239 643 1
239 976 1
239 1194 1
239 1195 1
239 1196 1
240 41 1
240 103 1
240 108 1
240 197 1
240 737 1
240 1196 1
240 1197 1
240 1198 1
241 96 1
241 163 1
241 182 1
241 382 1
241 516 1
241 643 1
241 979 1
241 1131 1
242 105 1
242 182 1
242 268 1
242 431 3
242 516 1
242 823 1
242 1199 1
243 91 1
243 93 1
243 96 1
243 163 1
243 788 1
243 1131 1
243 1181 1
243 1200 1
244 41 1
244 96 1
244 358 1
244 522 1
244 608 2
244 679 2
244 737 1
244 865 1
244 1073 1
244 1201 1
244 1202 1
244 1203 1
245 41 1
245 91 1
245 93 1
245 108 1
245 1196 1
