%%MatrixMarket matrix coordinate real general
306 1737 6901                                     
1 1 1
1 2 1
1 3 1
1 4 1
1 5 1
1 6 1
1 7 1
1 8 1
1 9 1
1 10 1
1 11 1
1 12 1
1 13 1
1 14 1
2 2 1
2 3 2
2 14 1
2 15 1
2 16 1
2 17 1
2 18 1
2 19 1
2 20 1
2 21 1
2 22 1
2 23 1
2 24 1
2 25 1
3 1 1
3 3 1
3 10 1
3 14 1
3 26 1
3 27 1
4 3 1
4 9 1
4 28 1
4 29 1
4 30 1
4 31 1
4 32 1
4 33 1
4 34 1
5 32 1
5 35 2
5 36 1
5 37 1
5 38 1
5 39 1
6 3 1
6 40 1
6 41 1
6 42 1
6 43 1
6 44 1
7 1 2
7 3 2
7 5 1
7 25 2
7 45 1
7 46 1
7 47 1
7 48 1
7 49 4
7 50 1
7 51 1
7 52 1
7 53 1
7 54 1
7 55 1
7 56 1
7 57 1
7 58 1
7 59 1
7 60 1
7 61 3
7 62 1
7 63 1
7 64 2
7 65 1
7 66 1
7 67 1
7 68 1
7 69 1
7 70 1
7 71 1
7 72 1
7 73 1
8 3 1
8 53 1
8 59 1
8 74 1
8 75 2
8 76 1
8 77 3
8 78 1
8 79 1
8 80 1
8 81 2
8 82 2
8 83 1
8 84 1
8 85 1
8 86 1
8 87 1
8 88 1
8 89 1
8 90 1
8 91 1
8 92 1
8 93 2
8 94 1
8 95 1
8 96 2
8 97 1
8 98 1
8 99 1
8 100 1
8 101 3
9 3 1
9 56 1
9 102 1
9 103 1
9 104 1
9 105 1
10 1 2
10 3 6
10 4 3
10 25 1
10 35 1
10 47 1
10 53 1
10 67 1
10 77 6
10 81 1
10 90 1
10 106 1
10 107 1
10 108 1
10 109 1
10 110 1
10 111 1
10 112 1
10 113 1
10 114 1
10 115 1
10 116 1
10 117 1
10 118 1
10 119 1
10 120 1
10 121 3
10 122 1
10 123 1
10 124 1
10 125 1
10 126 1
10 127 2
10 128 1
10 129 2
10 130 2
10 131 1
10 132 1
10 133 1
10 134 1
10 135 2
10 136 1
11 1 1
11 3 2
11 29 1
11 49 1
11 93 1
11 98 2
11 122 1
11 137 1
11 138 1
11 139 1
11 140 1
11 141 1
11 142 1
11 143 1
11 144 1
11 145 1
11 146 1
11 147 1
11 148 1
11 149 1
11 150 1
11 151 1
11 152 1
12 1 1
12 3 1
12 21 1
12 44 1
12 153 1
12 154 1
12 155 1
12 156 1
12 157 1
12 158 1
12 159 1
12 160 1
12 161 1
12 162 1
12 163 1
12 164 1
13 3 1
13 77 2
13 93 1
13 165 1
13 166 1
13 167 1
13 168 1
14 2 1
14 3 1
14 93 1
14 169 1
14 170 1
14 171 1
14 172 1
15 1 2
15 3 1
15 5 1
15 61 5
15 62 1
15 65 4
15 75 5
15 77 3
15 85 1
15 86 1
15 87 1
15 90 1
15 96 1
15 98 1
15 104 1
15 127 2
15 128 2
15 143 1
15 151 3
15 152 1
15 163 2
15 173 2
15 174 1
15 175 1
15 176 1
15 177 1
15 178 1
15 179 1
15 180 1
15 181 1
15 182 1
15 183 2
15 184 1
15 185 1
15 186 3
15 187 1
15 188 1
15 189 1
15 190 1
15 191 1
15 192 9
15 193 1
15 194 2
15 195 2
15 196 1
15 197 1
15 198 1
15 199 1
15 200 7
15 201 1
15 202 1
15 203 1
15 204 1
15 205 1
15 206 4
15 207 1
15 208 1
15 209 4
15 210 1
15 211 1
15 212 7
15 213 1
15 214 1
15 215 1
15 216 2
15 217 1
15 218 1
15 219 2
15 220 1
15 221 1
16 3 1
16 10 1
16 29 1
16 61 1
16 62 1
16 77 1
16 93 1
16 105 1
16 124 1
16 135 1
16 143 1
16 192 1
16 222 1
16 223 1
16 224 1
16 225 1
16 226 1
16 227 1
16 228 1
16 229 1
16 230 1
17 3 1
17 35 1
17 49 1
17 116 1
17 134 1
17 169 1
17 170 1
17 192 1
17 231 1
17 232 1
17 233 1
17 234 1
17 235 1
17 236 1
17 237 2
17 238 1
17 239 1
17 240 1
17 241 1
17 242 1
17 243 1
17 244 1
18 1 1
18 3 1
18 5 1
18 9 3
18 14 1
18 35 1
18 39 1
18 52 1
18 68 1
18 77 1
18 94 1
18 105 4
18 115 2
18 121 1
18 130 4
18 131 3
18 133 1
18 170 1
18 172 1
18 185 1
18 188 1
18 196 1
18 201 1
18 202 1
18 240 1
18 245 1
18 246 1
18 247 1
18 248 1
18 249 3
18 250 1
18 251 1
18 252 1
18 253 1
18 254 1
18 255 2
18 256 1
18 257 1
18 258 1
18 259 1
18 260 1
18 261 1
18 262 2
18 263 2
18 264 2
18 265 1
18 266 1
18 267 2
18 268 1
18 269 1
18 270 1
19 9 1
19 29 1
19 57 1
19 172 1
19 271 1
19 272 1
19 273 1
19 274 1
19 275 1
20 1 1
20 3 1
20 53 1
20 56 1
20 62 1
20 68 2
20 94 2
20 105 1
20 134 2
20 161 1
20 196 1
20 274 1
20 276 1
20 277 1
20 278 1
20 279 1
20 280 1
20 281 1
20 282 1
20 283 1
20 284 1
20 285 1
20 286 1
20 287 1
20 288 1
20 289 1
20 290 1
20 291 1
21 2 2
21 3 1
21 14 1
21 32 1
21 40 1
21 57 1
21 75 1
21 77 2
21 80 1
21 82 3
21 98 1
21 135 1
21 154 1
21 209 1
21 221 1
21 247 1
21 259 1
21 280 1
21 292 1
21 293 1
21 294 2
21 295 1
21 296 2
21 297 1
21 298 1
21 299 1
21 300 1
21 301 1
22 3 2
22 4 1
22 8 1
22 49 1
22 75 1
22 81 1
22 94 1
22 105 1
22 117 1
22 127 1
22 148 1
22 165 1
22 170 2
22 171 1
22 230 1
22 289 1
22 302 1
22 303 1
22 304 1
22 305 1
22 306 1
22 307 1
22 308 1
23 3 2
23 5 1
23 40 1
23 122 1
23 309 1
23 310 1
23 311 1
23 312 1
23 313 1
24 3 1
24 49 2
24 224 1
24 225 1
24 230 1
24 314 1
24 315 1
24 316 1
25 3 2
25 5 1
25 93 2
25 192 1
25 227 1
25 230 1
25 317 1
26 3 1
26 32 1
26 58 1
26 75 1
26 80 1
26 81 1
26 153 1
26 184 1
26 209 2
26 221 1
26 318 1
26 319 1
26 320 1
26 321 1
26 322 1
26 323 1
26 324 1
26 325 1
26 326 1
26 327 1
27 3 1
27 48 2
27 53 1
27 88 1
27 99 1
27 105 1
27 134 1
27 165 1
27 186 3
27 209 1
27 319 1
27 328 1
27 329 1
27 330 4
27 331 1
27 332 1
28 3 2
28 7 3
28 49 1
28 53 2
28 65 2
28 83 1
28 122 1
28 165 1
28 186 2
28 202 1
28 216 1
28 319 4
28 329 1
28 330 2
28 333 1
28 334 1
28 335 1
28 336 1
28 337 1
28 338 1
28 339 1
28 340 2
28 341 3
28 342 1
28 343 1
28 344 1
28 345 1
28 346 1
28 347 1
28 348 3
28 349 1
28 350 1
28 351 1
28 352 1
28 353 1
28 354 1
29 1 2
29 3 6
29 9 4
29 10 3
29 14 1
29 34 2
29 42 1
29 66 2
29 67 1
29 73 2
29 74 2
29 77 1
29 135 2
29 155 2
29 161 1
29 165 2
29 193 1
29 224 2
29 288 1
29 297 1
29 310 1
29 334 1
29 341 1
29 345 2
29 348 1
29 355 1
29 356 1
29 357 1
29 358 1
29 359 3
29 360 1
29 361 1
29 362 1
29 363 2
29 364 1
29 365 1
29 366 1
29 367 1
29 368 1
30 29 1
30 56 1
30 103 1
30 117 1
30 287 1
30 369 1
31 3 2
31 71 1
31 192 2
31 201 1
31 224 1
31 264 1
31 287 2
31 326 1
31 370 1
31 371 1
31 372 2
31 373 1
31 374 1
32 3 1
32 14 1
32 135 1
32 192 1
32 375 1
32 376 1
32 377 1
33 1 1
33 3 1
33 56 1
33 103 1
33 287 1
33 378 1
33 379 1
34 1 1
34 3 1
34 56 1
34 211 1
34 380 1
35 3 1
35 56 2
35 98 1
35 141 1
35 192 1
35 195 1
35 288 1
35 381 1
35 382 1
35 383 1
36 3 2
36 29 1
36 49 1
36 87 2
36 103 2
36 131 1
36 143 1
36 192 2
36 224 1
36 367 1
36 384 1
36 385 1
36 386 1
36 387 1
37 3 1
37 9 1
37 77 1
37 87 1
37 220 1
37 388 1
37 389 1
38 1 1
38 3 1
38 9 1
38 10 1
38 23 1
38 77 2
38 127 1
38 170 1
38 244 1
38 332 1
38 379 1
38 390 1
38 391 1
38 392 1
38 393 1
38 394 1
38 395 1
39 3 1
39 14 1
39 104 1
39 127 1
39 133 1
39 135 1
39 143 1
39 168 3
39 396 1
39 397 1
39 398 1
39 399 1
39 400 1
39 401 1
40 1 2
40 3 1
40 14 1
40 59 1
40 105 2
40 171 2
40 192 2
40 227 2
40 230 2
40 341 1
40 348 1
40 349 1
40 402 1
40 403 1
40 404 1
41 1 1
41 3 1
41 209 1
41 367 1
41 379 1
41 405 1
41 406 1
42 3 1
42 23 1
42 65 1
42 130 1
42 161 1
42 165 2
42 202 1
42 219 1
42 321 3
42 398 1
42 407 1
42 408 1
42 409 1
42 410 1
42 411 1
42 412 1
43 1 1
43 3 15
43 5 2
43 8 2
43 10 4
43 25 1
43 34 3
43 47 8
43 48 1
43 52 1
43 55 1
43 56 7
43 57 1
43 59 1
43 60 1
43 63 1
43 70 1
43 71 1
43 75 3
43 76 1
43 77 2
43 80 1
43 82 5
43 101 1
43 103 1
43 105 6
43 116 2
43 118 4
43 121 1
43 122 3
43 133 1
43 134 2
43 141 2
43 146 2
43 152 2
43 155 1
43 161 1
43 164 1
43 172 1
43 178 1
43 190 4
43 192 10
43 200 1
43 219 1
43 222 2
43 223 1
43 224 1
43 227 5
43 228 5
43 230 1
43 235 1
43 244 1
43 245 7
43 252 1
43 253 1
43 262 1
43 270 4
43 271 1
43 275 1
43 280 1
43 287 2
43 289 1
43 298 1
43 299 3
43 301 6
43 324 3
43 326 1
43 334 1
43 341 2
43 345 2
43 357 1
43 362 1
43 363 1
43 367 3
43 378 2
43 380 3
43 394 1
43 396 1
43 402 1
43 410 1
43 413 2
43 414 1
43 415 1
43 416 1
43 417 2
43 418 1
43 419 2
43 420 3
43 421 1
43 422 1
43 423 1
43 424 1
43 425 1
43 426 1
43 427 1
43 428 1
43 429 1
43 430 1
43 431 1
43 432 2
43 433 2
43 434 2
43 435 4
43 436 1
43 437 1
43 438 1
43 439 1
43 440 1
43 441 1
43 442 4
43 443 1
43 444 1
43 445 1
43 446 1
43 447 1
43 448 1
43 449 1
43 450 2
43 451 1
43 452 1
43 453 2
43 454 2
43 455 5
43 456 1
43 457 1
43 458 1
43 459 2
43 460 1
43 461 1
43 462 1
43 463 1
43 464 2
43 465 1
43 466 2
43 467 1
43 468 2
43 469 1
43 470 2
43 471 1
43 472 2
43 473 1
43 474 1
43 475 1
43 476 1
43 477 1
43 478 1
43 479 1
43 480 1
43 481 1
43 482 1
43 483 1
43 484 2
43 485 1
43 486 1
43 487 1
43 488 1
43 489 1
43 490 1
43 491 3
43 492 1
43 493 1
43 494 2
43 495 2
43 496 1
43 497 1
43 498 1
43 499 1
43 500 1
43 501 3
43 502 2
43 503 1
43 504 1
43 505 1
43 506 1
43 507 1
43 508 1
43 509 1
43 510 1
43 511 2
43 512 4
43 513 1
43 514 1
43 515 5
43 516 1
43 517 1
43 518 1
43 519 2
43 520 1
43 521 4
43 522 1
43 523 1
43 524 1
43 525 1
43 526 1
43 527 1
43 528 1
43 529 1
43 530 1
43 531 1
43 532 1
43 533 1
43 534 1
43 535 1
43 536 1
43 537 1
43 538 1
43 539 2
43 540 1
43 541 2
43 542 1
43 543 1
43 544 1
44 3 1
44 20 1
44 47 1
44 94 1
44 135 1
44 145 1
44 157 1
44 206 1
44 410 1
44 432 1
44 545 1
44 546 1
44 547 1
45 3 3
45 9 2
45 10 1
45 35 3
45 49 2
45 60 1
45 63 1
45 68 2
45 73 1
45 77 2
45 98 1
45 109 1
45 115 2
45 121 1
45 133 2
45 135 1
45 143 1
45 202 1
45 205 2
45 209 1
45 217 1
45 224 1
45 323 2
45 343 2
45 388 2
45 394 1
45 404 1
45 442 3
45 548 1
45 549 1
45 550 1
45 551 1
45 552 1
45 553 1
45 554 1
45 555 1
45 556 1
46 1 1
46 3 1
46 9 2
46 115 1
46 143 2
46 199 1
46 214 1
46 359 1
46 469 1
46 557 1
46 558 1
46 559 1
46 560 1
47 3 1
47 9 2
47 75 1
47 77 1
47 98 1
47 113 1
47 135 1
47 143 1
47 172 1
47 179 1
47 189 1
47 193 1
47 209 2
47 296 1
47 326 1
47 355 2
47 367 1
47 561 1
47 562 1
47 563 1
48 2 1
48 3 2
48 14 1
48 47 1
48 87 1
48 97 1
48 105 1
48 111 1
48 124 1
48 216 1
48 219 1
48 320 2
48 341 1
48 356 1
48 359 1
48 562 1
48 564 1
48 565 1
48 566 1
48 567 1
48 568 1
48 569 1
48 570 1
49 3 1
49 9 1
49 49 1
49 77 2
49 94 1
49 171 1
49 172 2
49 327 1
49 571 1
49 572 1
49 573 1
49 574 1
49 575 1
50 3 1
50 5 1
50 49 1
50 72 1
50 105 1
50 192 1
50 237 1
50 244 1
50 341 1
50 405 1
50 406 1
50 463 1
51 3 1
51 4 1
51 25 1
51 77 1
51 153 1
51 171 1
51 234 1
51 307 1
51 398 2
51 399 1
51 530 1
51 576 1
51 577 1
51 578 1
51 579 1
51 580 1
51 581 1
51 582 1
52 1 4
52 5 1
52 56 1
52 74 1
52 76 1
52 82 1
52 87 2
52 131 1
52 135 1
52 172 1
52 192 2
52 209 1
52 267 1
52 279 2
52 307 1
52 308 1
52 330 1
52 355 1
52 583 1
52 584 1
53 3 2
53 4 1
53 9 2
53 49 1
53 90 1
53 171 2
53 221 1
53 271 1
53 404 2
53 537 1
53 578 1
53 585 1
53 586 1
53 587 1
53 588 1
54 1 2
54 3 2
54 53 1
54 61 1
54 63 1
54 75 1
54 87 1
54 161 1
54 186 1
54 192 2
54 279 1
54 280 1
54 294 1
54 489 1
55 3 1
55 28 1
55 94 1
55 117 1
55 125 1
55 143 1
55 155 1
55 162 1
55 207 1
55 229 1
55 386 2
55 519 1
55 589 1
55 590 1
55 591 1
55 592 1
55 593 1
56 163 1
56 192 1
56 227 1
56 307 1
56 594 1
56 595 1
57 3 1
57 13 1
57 72 1
57 75 1
57 80 1
57 127 2
57 128 4
57 133 1
57 141 1
57 161 1
57 172 1
57 319 2
57 399 1
57 596 1
57 597 1
57 598 1
57 599 1
57 600 1
57 601 1
57 602 1
57 603 1
57 604 1
57 605 1
57 606 1
58 1 1
58 56 1
58 82 1
58 93 1
58 103 1
58 135 1
58 165 1
58 192 1
58 209 2
58 307 1
58 362 1
58 367 1
58 381 1
58 454 1
58 607 1
58 608 1
58 609 1
59 1 1
59 3 1
59 49 1
59 56 1
59 122 3
59 224 1
59 527 1
59 610 1
59 611 1
60 3 1
60 24 1
60 192 1
60 209 1
60 227 1
60 307 1
60 315 2
60 367 1
60 546 1
60 612 1
61 3 1
61 81 1
61 82 1
61 117 1
61 121 1
61 124 1
61 151 1
61 219 1
61 349 2
61 435 1
61 467 3
61 589 1
61 613 2
61 614 1
61 615 1
61 616 1
62 125 1
62 209 1
62 307 1
62 617 1
62 618 1
63 2 1
63 3 1
63 14 1
63 66 1
63 75 1
63 80 1
63 94 1
63 98 1
63 161 1
63 165 2
63 179 1
63 184 1
63 194 1
63 204 1
63 209 1
63 219 1
63 224 2
63 232 1
63 314 1
63 334 1
63 348 1
63 459 1
63 467 1
63 530 1
63 539 1
63 566 1
63 619 1
63 620 1
63 621 1
63 622 1
63 623 1
63 624 1
63 625 1
63 626 1
63 627 1
63 628 1
63 629 1
63 630 2
63 631 1
63 632 1
63 633 1
63 634 1
63 635 1
63 636 1
63 637 1
63 638 1
63 639 1
64 1 1
64 2 1
64 3 4
64 49 1
64 59 1
64 73 1
64 103 1
64 135 1
64 307 1
64 308 1
64 367 1
64 589 1
64 614 1
64 640 1
64 641 1
64 642 1
64 643 1
64 644 1
64 645 1
64 646 1
65 1 1
65 3 1
65 192 1
65 556 1
65 647 1
65 648 1
65 649 1
65 650 1
66 3 1
66 56 1
66 192 1
66 209 1
66 227 1
66 287 1
66 367 1
67 3 1
67 105 1
67 192 1
68 3 1
68 406 1
69 14 1
69 88 1
69 103 1
69 105 1
69 192 1
69 237 1
69 651 1
69 652 1
70 1 1
70 3 1
70 5 1
70 88 1
70 341 1
70 379 1
70 480 1
70 495 1
70 653 1
70 654 1
70 655 1
71 3 1
71 80 1
71 209 1
71 380 1
71 656 1
71 657 1
72 3 2
72 8 1
72 125 1
72 192 1
72 227 1
72 457 1
72 658 1
73 1 1
73 3 2
73 22 2
73 66 1
73 73 1
73 130 1
73 136 1
73 170 1
73 659 1
73 660 1
73 661 1
73 662 2
73 663 1
74 3 1
74 8 1
74 14 1
74 47 1
74 57 2
74 63 1
74 75 1
74 76 1
74 77 1
74 80 1
74 105 1
74 116 1
74 132 1
74 134 1
74 143 1
74 162 1
74 168 1
74 169 1
74 172 1
74 209 1
74 220 2
74 224 1
74 252 1
74 258 1
74 283 1
74 321 2
74 390 1
74 394 1
74 398 1
74 399 1
74 432 1
74 467 1
74 588 1
74 622 1
74 624 1
74 643 1
74 659 1
74 664 1
74 665 1
74 666 1
74 667 1
74 668 1
74 669 1
74 670 1
74 671 2
74 672 1
74 673 1
74 674 1
74 675 1
74 676 1
74 677 1
74 678 1
74 679 2
74 680 1
74 681 1
74 682 1
74 683 1
74 684 1
74 685 1
74 686 1
75 14 1
75 66 1
75 687 1
76 3 1
76 14 1
76 101 1
76 264 1
76 266 1
76 310 1
76 376 1
76 502 1
76 620 1
76 647 1
76 688 1
76 689 1
76 690 1
76 691 1
76 692 1
76 693 1
77 3 2
77 14 2
77 35 3
77 42 2
77 73 1
77 77 1
77 87 1
77 135 1
77 164 2
77 349 1
77 546 1
77 553 1
77 652 1
77 674 1
77 694 1
77 695 1
77 696 1
77 697 1
77 698 1
77 699 1
77 700 1
77 701 1
78 3 1
78 8 1
78 14 1
78 122 1
78 141 1
78 143 2
78 160 1
78 170 3
78 219 1
78 240 1
78 262 1
78 288 1
78 294 1
78 305 1
78 390 1
78 532 1
78 573 1
78 702 2
78 703 1
78 704 1
78 705 1
79 3 1
79 5 2
79 14 1
79 42 1
79 85 2
79 122 1
79 134 1
79 148 1
79 162 1
79 170 2
79 228 1
79 240 2
79 321 1
79 323 3
79 343 1
79 382 1
79 464 1
79 556 1
79 648 1
79 659 1
79 665 1
79 706 1
79 707 1
79 708 1
79 709 1
79 710 1
79 711 1
79 712 1
79 713 1
79 714 1
79 715 1
79 716 1
79 717 1
79 718 1
79 719 1
79 720 1
79 721 1
79 722 1
79 723 1
79 724 1
80 3 3
80 4 2
80 5 3
80 10 1
80 14 1
80 35 3
80 42 3
80 48 2
80 53 1
80 55 2
80 57 1
80 67 1
80 77 1
80 80 1
80 87 1
80 94 1
80 97 1
80 101 1
80 127 1
80 130 2
80 131 2
80 133 1
80 134 1
80 136 2
80 137 4
80 143 1
80 144 1
80 148 1
80 155 1
80 161 1
80 162 1
80 170 1
80 171 1
80 172 2
80 184 1
80 190 1
80 196 1
80 209 1
80 219 1
80 220 1
80 221 1
80 222 2
80 232 2
80 236 1
80 260 2
80 264 4
80 271 1
80 280 1
80 289 1
80 320 1
80 323 1
80 324 1
80 340 1
80 363 1
80 379 1
80 385 3
80 401 1
80 411 1
80 425 1
80 454 1
80 465 2
80 518 1
80 519 7
80 575 1
80 579 1
80 580 1
80 584 1
80 602 2
80 615 1
80 641 1
80 644 1
80 648 2
80 671 1
80 672 1
80 674 3
80 683 1
80 703 1
80 704 2
80 716 1
80 725 2
80 726 3
80 727 1
80 728 1
80 729 3
80 730 1
80 731 1
80 732 1
80 733 1
80 734 1
80 735 1
80 736 1
80 737 1
80 738 1
80 739 1
80 740 6
80 741 1
80 742 1
80 743 1
80 744 4
80 745 2
80 746 1
80 747 3
80 748 1
80 749 3
80 750 1
80 751 1
80 752 1
80 753 1
80 754 1
80 755 1
80 756 2
80 757 1
80 758 1
80 759 1
80 760 1
80 761 3
80 762 1
80 763 1
80 764 1
80 765 1
80 766 1
80 767 1
80 768 1
80 769 1
80 770 1
80 771 1
80 772 1
80 773 1
80 774 2
80 775 1
80 776 1
80 777 1
80 778 1
81 3 1
81 22 1
81 77 1
81 125 1
81 135 1
81 143 1
81 159 1
81 164 1
81 172 3
81 190 1
81 224 2
81 259 1
81 272 1
81 297 1
81 364 1
81 425 1
81 432 1
81 643 1
81 779 1
81 780 1
81 781 2
81 782 1
81 783 1
81 784 1
81 785 2
81 786 2
81 787 1
81 788 1
81 789 1
82 3 2
82 24 1
82 32 2
82 47 1
82 67 2
82 101 1
82 118 1
82 122 2
82 134 1
82 156 1
82 159 2
82 219 1
82 324 1
82 463 1
82 519 1
82 535 1
82 790 1
82 791 1
82 792 1
82 793 1
82 794 1
82 795 1
82 796 1
82 797 1
82 798 2
82 799 1
83 3 1
83 14 1
83 122 1
83 165 1
83 359 1
83 629 1
83 784 1
83 800 1
83 801 1
84 3 1
84 73 1
84 133 1
84 172 1
84 223 1
84 232 1
84 259 1
84 294 1
84 330 1
84 479 1
84 583 1
84 802 1
84 803 1
84 804 1
84 805 1
85 5 1
85 14 1
85 72 1
85 82 1
85 103 1
85 444 1
85 521 1
85 645 1
85 806 1
86 5 1
86 20 1
86 32 1
86 57 1
86 68 1
86 96 1
86 114 1
86 116 1
86 122 3
86 264 1
86 445 1
86 572 1
86 593 1
86 596 1
86 652 1
86 665 1
86 703 1
86 807 1
86 808 1
86 809 1
86 810 1
86 811 1
86 812 1
86 813 1
86 814 1
86 815 2
86 816 1
86 817 1
86 818 1
86 819 1
86 820 1
86 821 1
86 822 1
86 823 1
86 824 1
87 10 2
87 47 5
87 75 1
87 80 2
87 85 1
87 88 1
87 105 2
87 122 9
87 125 2
87 133 1
87 141 1
87 161 2
87 170 2
87 172 5
87 209 1
87 224 1
87 226 1
87 240 2
87 282 1
87 303 1
87 323 5
87 340 1
87 343 1
87 367 1
87 545 1
87 577 1
87 631 3
87 665 1
87 731 5
87 776 1
87 793 1
87 804 2
87 811 2
87 825 2
87 826 1
87 827 1
87 828 1
87 829 2
87 830 1
87 831 1
87 832 2
87 833 1
87 834 1
87 835 1
87 836 1
87 837 1
87 838 1
87 839 1
87 840 1
87 841 1
87 842 1
87 843 1
87 844 2
87 845 1
87 846 1
87 847 1
87 848 1
87 849 1
87 850 1
87 851 1
87 852 1
87 853 1
87 854 1
87 855 1
87 856 1
87 857 1
88 1 1
88 3 1
88 14 1
88 32 1
88 42 1
88 47 2
88 58 1
88 63 1
88 83 1
88 85 1
88 94 1
88 116 1
88 118 1
88 121 2
88 122 11
88 124 1
88 125 2
88 131 2
88 143 1
88 170 3
88 172 1
88 214 1
88 224 1
88 228 1
88 262 2
88 263 2
88 270 1
88 272 1
88 283 1
88 303 1
88 326 1
88 365 1
88 390 1
88 479 1
88 480 2
88 484 1
88 495 1
88 500 1
88 519 2
88 528 1
88 545 3
88 605 1
88 621 2
88 643 1
88 696 1
88 703 1
88 709 1
88 736 1
88 761 1
88 772 1
88 786 1
88 807 1
88 813 2
88 835 1
88 856 1
88 858 1
88 859 1
88 860 1
88 861 1
88 862 1
88 863 1
88 864 1
88 865 1
88 866 1
88 867 4
88 868 1
88 869 1
88 870 1
88 871 1
88 872 1
88 873 1
88 874 1
88 875 1
88 876 1
88 877 1
88 878 2
88 879 1
88 880 1
88 881 1
88 882 1
88 883 1
88 884 1
88 885 1
89 3 1
89 14 1
89 42 1
89 122 1
89 143 1
89 148 1
89 240 3
89 578 1
89 601 1
89 886 1
89 887 1
89 888 1
90 3 2
90 4 1
90 5 1
90 14 1
90 35 1
90 44 1
90 47 1
90 57 1
90 81 2
90 97 1
90 98 1
90 105 1
90 162 1
90 169 1
90 172 1
90 199 1
90 209 2
90 220 1
90 221 1
90 241 1
90 259 1
90 279 1
90 294 1
90 295 1
90 308 1
90 325 1
90 348 1
90 353 1
90 359 3
90 432 1
90 512 1
90 551 1
90 563 1
90 578 1
90 785 3
90 889 1
90 890 1
90 891 1
90 892 1
90 893 1
90 894 1
90 895 1
90 896 1
91 2 1
91 3 1
91 9 1
91 37 1
91 47 1
91 53 1
91 77 1
91 82 1
91 87 1
91 96 1
91 117 1
91 165 1
91 186 1
91 289 1
91 324 1
91 390 1
91 442 1
91 590 1
91 609 1
91 787 2
91 897 1
91 898 1
91 899 2
91 900 1
91 901 1
91 902 1
91 903 1
91 904 1
92 47 1
92 88 2
92 105 1
92 114 1
92 121 2
92 122 1
92 132 1
92 151 1
92 359 1
92 370 1
92 380 2
92 495 1
92 545 1
92 551 1
92 575 1
92 583 1
92 615 1
92 652 2
92 673 1
92 693 1
92 716 1
92 720 1
92 729 1
92 812 1
92 815 3
92 819 1
92 821 2
92 824 1
92 905 1
92 906 1
92 907 1
92 908 1
92 909 3
92 910 1
92 911 1
92 912 1
92 913 1
92 914 1
92 915 1
92 916 1
92 917 1
92 918 1
93 3 1
93 5 1
93 8 1
93 18 1
93 20 1
93 25 1
93 32 1
93 40 1
93 42 2
93 55 1
93 57 4
93 85 1
93 87 1
93 88 1
93 114 1
93 116 2
93 137 1
93 143 1
93 159 1
93 170 5
93 196 1
93 217 1
93 220 1
93 226 1
93 231 1
93 248 1
93 263 1
93 276 1
93 287 1
93 289 1
93 314 1
93 321 1
93 376 5
93 464 2
93 519 1
93 553 1
93 576 1
93 579 1
93 596 1
93 608 1
93 665 1
93 703 1
93 714 1
93 716 2
93 717 1
93 721 2
93 735 1
93 767 2
93 860 1
93 881 1
93 894 2
93 919 2
93 920 1
93 921 1
93 922 3
93 923 1
93 924 1
93 925 4
93 926 1
93 927 1
93 928 1
93 929 1
93 930 1
93 931 1
93 932 1
93 933 1
93 934 2
93 935 1
94 3 1
94 40 1
94 94 1
94 224 1
94 311 1
94 519 1
94 588 1
94 665 2
94 936 1
94 937 1
95 3 3
95 34 1
95 35 1
95 101 2
95 114 2
95 135 2
95 220 2
95 245 1
95 444 1
95 728 1
96 3 1
96 938 1
96 939 1
96 940 1
97 3 1
97 7 1
97 8 2
97 14 1
97 53 1
97 94 2
97 127 1
97 134 1
97 141 1
97 143 1
97 165 1
97 172 1
97 192 1
97 240 1
97 299 1
97 305 2
97 363 1
97 392 1
97 488 1
97 519 2
97 941 1
97 942 1
97 943 1
97 944 1
97 945 1
98 3 1
98 14 2
98 55 1
98 68 1
98 143 3
98 165 1
98 323 2
98 600 1
98 819 1
98 838 1
98 843 1
98 946 1
98 947 1
99 3 1
99 14 1
99 42 1
99 122 1
99 325 1
99 440 1
99 948 1
100 3 1
100 14 1
100 77 1
100 105 1
100 121 1
100 127 1
100 232 1
100 359 1
101 1 3
101 3 2
101 5 1
101 9 5
101 11 1
101 14 1
101 42 3
101 57 2
101 75 1
101 77 1
101 80 2
101 81 1
101 82 1
101 87 1
101 98 1
101 127 4
101 135 1
101 145 2
101 170 1
101 172 1
101 186 1
101 213 1
101 221 2
101 222 1
101 232 2
101 244 2
101 297 1
101 323 1
101 341 1
101 353 1
101 370 1
101 432 2
101 485 1
101 590 1
101 664 1
101 691 3
101 704 2
101 734 1
101 744 1
101 781 1
101 860 1
101 870 1
101 949 1
101 950 1
101 951 1
101 952 1
101 953 1
101 954 1
101 955 1
101 956 1
101 957 1
101 958 1
101 959 1
101 960 1
101 961 1
101 962 1
102 3 1
102 4 1
102 14 1
102 35 1
102 68 3
102 121 1
102 143 1
102 159 1
102 165 1
102 182 1
102 217 1
102 260 2
102 262 1
102 330 1
102 489 1
102 573 1
102 631 1
102 720 1
102 854 1
102 929 1
102 963 2
102 964 1
102 965 1
102 966 1
102 967 1
102 968 1
102 969 1
102 970 1
102 971 1
102 972 1
102 973 1
103 77 1
103 82 1
103 87 1
103 94 1
103 133 1
103 152 1
103 165 2
103 192 1
103 297 1
103 444 1
103 660 1
103 740 2
104 3 3
104 9 1
104 73 1
104 77 4
104 93 1
104 135 1
104 165 1
104 193 1
104 341 1
104 395 1
104 453 1
104 519 1
104 566 1
104 663 1
104 929 4
104 935 1
104 969 1
104 974 2
104 975 1
104 976 1
105 3 1
105 5 1
105 9 1
105 75 1
105 77 4
105 81 1
105 87 2
105 88 2
105 117 1
105 151 1
105 165 3
105 170 1
105 171 1
105 172 2
105 182 1
105 282 1
105 303 1
105 351 1
105 519 1
105 546 1
105 582 1
105 589 1
105 663 1
105 674 1
105 745 1
105 784 1
105 786 1
105 854 1
105 927 1
105 929 2
105 977 1
105 978 1
105 979 1
105 980 1
105 981 1
105 982 1
105 983 1
105 984 1
105 985 1
105 986 1
105 987 1
105 988 1
105 989 1
105 990 1
105 991 1
106 3 1
106 9 1
106 14 1
106 47 2
106 143 1
106 228 1
106 283 1
106 700 1
106 791 1
106 992 1
106 993 1
106 994 1
106 995 1
106 996 1
107 1 2
107 2 1
107 3 2
107 161 2
107 207 1
107 303 1
107 307 1
107 343 1
107 359 1
107 499 1
107 601 1
107 643 2
107 644 1
107 670 1
107 731 1
107 997 1
107 998 1
107 999 1
107 1000 1
107 1001 2
107 1002 1
108 3 1
108 224 1
108 856 2
108 1003 1
109 1 1
109 3 1
109 5 1
109 14 1
109 40 1
109 42 1
109 131 1
109 184 1
109 262 1
109 583 1
109 918 1
109 1004 1
109 1005 1
110 3 1
110 7 1
110 9 1
110 13 1
110 42 1
110 94 1
110 122 3
110 165 1
110 170 1
110 196 1
110 348 1
110 506 1
110 545 1
110 583 2
110 633 1
110 728 1
110 756 1
110 770 1
110 809 1
110 811 2
110 812 1
110 982 1
110 1006 1
110 1007 2
110 1008 1
110 1009 1
110 1010 1
110 1011 1
110 1012 1
111 3 1
111 14 1
111 42 1
111 122 2
111 279 1
111 297 1
111 854 1
111 1013 1
111 1014 1
112 3 1
112 9 2
112 10 1
112 14 1
112 18 2
112 19 1
112 72 1
112 73 1
112 122 2
112 144 1
112 157 1
112 167 2
112 180 1
112 268 1
112 276 4
112 323 1
112 377 1
112 380 1
112 404 1
112 521 2
112 657 2
112 963 1
112 1015 1
112 1016 1
112 1017 2
112 1018 1
112 1019 1
112 1020 1
112 1021 1
112 1022 1
112 1023 1
112 1024 1
112 1025 1
112 1026 1
112 1027 1
112 1028 1
112 1029 1
113 3 1
113 14 1
113 42 1
113 47 1
113 64 2
113 83 1
113 122 3
113 125 1
113 143 1
113 152 1
113 170 1
113 172 2
113 201 1
113 210 1
113 228 2
113 268 1
113 344 1
113 380 1
113 445 1
113 492 1
113 600 1
113 605 1
113 731 1
113 811 1
113 915 2
113 948 1
113 1030 1
113 1031 1
113 1032 1
113 1033 1
113 1034 1
113 1035 1
113 1036 1
114 3 1
114 8 1
114 42 1
114 44 1
114 51 1
114 57 1
114 88 1
114 94 1
114 104 1
114 105 1
114 114 1
114 116 1
114 121 2
114 131 1
114 148 1
114 159 1
114 170 1
114 209 1
114 253 1
114 304 2
114 323 1
114 453 1
114 582 1
114 594 1
114 606 1
114 704 1
114 711 1
114 716 1
114 844 1
114 894 1
114 928 1
114 982 1
114 1037 1
114 1038 1
114 1039 1
114 1040 1
114 1041 2
114 1042 2
114 1043 1
115 3 2
115 88 2
115 104 1
115 117 1
115 125 1
115 133 1
115 359 2
115 505 1
115 567 1
115 625 1
115 647 1
115 777 1
115 917 1
115 1044 1
115 1045 1
115 1046 1
115 1047 1
115 1048 1
116 3 1
116 9 1
116 35 1
116 42 1
116 134 1
116 164 1
116 169 1
116 1002 1
116 1049 1
117 2 1
117 3 1
117 20 1
117 167 1
117 288 1
117 641 1
117 1024 1
118 3 1
118 8 3
118 10 1
118 19 1
118 22 1
118 58 1
118 68 2
118 101 1
118 104 1
118 105 2
118 114 1
118 121 1
118 155 1
118 208 2
118 310 1
118 351 1
118 359 1
118 495 1
118 588 3
118 620 1
118 1050 1
118 1051 1
119 3 1
119 9 1
119 77 2
119 115 1
119 127 1
119 131 1
119 134 1
119 153 1
119 170 1
119 171 1
119 172 2
119 307 1
119 321 1
119 359 1
119 530 1
119 601 1
119 672 1
119 683 1
119 704 1
119 1052 1
119 1053 1
119 1054 1
120 14 1
120 18 1
120 37 1
120 165 1
120 279 1
120 609 1
120 801 1
120 1055 1
120 1056 1
120 1057 1
121 3 1
121 12 1
121 42 1
121 57 1
121 77 1
121 164 1
121 170 1
121 348 1
121 363 1
121 519 1
121 600 1
121 722 2
121 946 1
121 1014 2
121 1058 1
121 1059 1
121 1060 1
121 1061 1
122 1 1
122 3 3
122 22 1
122 40 1
122 51 1
122 85 1
122 88 1
122 98 1
122 114 1
122 125 3
122 134 1
122 148 1
122 172 1
122 248 1
122 327 1
122 338 1
122 341 1
122 363 1
122 408 1
122 482 1
122 582 2
122 606 1
122 944 1
122 979 1
122 1014 1
122 1062 1
122 1063 1
122 1064 1
122 1065 1
122 1066 1
122 1067 1
122 1068 1
122 1069 1
122 1070 3
122 1071 1
122 1072 1
122 1073 1
122 1074 1
123 3 1
123 14 2
123 122 1
123 135 2
123 151 1
123 157 1
123 167 1
123 1003 1
123 1075 1
123 1076 1
123 1077 1
124 3 1
124 20 1
124 146 1
124 202 1
124 242 1
124 294 1
124 935 1
124 1078 1
124 1079 1
125 2 1
125 57 1
125 76 1
125 77 3
125 94 1
125 118 1
125 122 4
125 125 1
125 127 1
125 143 1
125 145 2
125 165 1
125 187 1
125 224 1
125 307 4
125 323 1
125 332 1
125 343 1
125 400 2
125 404 1
125 528 1
125 572 1
125 575 1
125 602 1
125 643 1
125 644 7
125 652 3
125 659 1
125 693 1
125 704 1
125 757 1
125 928 1
125 929 7
125 1041 1
125 1080 1
125 1081 2
125 1082 1
125 1083 2
125 1084 7
125 1085 1
125 1086 1
125 1087 2
125 1088 1
125 1089 1
125 1090 1
125 1091 1
125 1092 1
125 1093 1
125 1094 1
126 3 1
126 4 3
126 9 1
126 14 1
126 25 1
126 35 2
126 57 1
126 75 1
126 77 2
126 81 1
126 94 1
126 97 1
126 121 1
126 127 1
126 133 2
126 134 1
126 165 1
126 168 1
126 169 2
126 184 1
126 220 3
126 234 1
126 241 1
126 359 2
126 432 1
126 447 1
126 500 1
126 518 1
126 539 1
126 569 2
126 577 1
126 578 2
126 722 1
126 785 1
126 967 1
126 1081 1
126 1095 1
126 1096 1
126 1097 1
126 1098 1
126 1099 1
126 1100 1
126 1101 1
126 1102 1
126 1103 1
127 3 2
127 42 1
127 130 1
127 143 1
127 170 2
127 228 3
127 239 1
127 240 1
127 323 1
127 324 1
127 326 1
127 550 1
127 573 1
127 642 1
127 905 1
127 909 1
127 1069 2
127 1104 1
127 1105 1
127 1106 1
127 1107 1
127 1108 1
127 1109 1
127 1110 1
127 1111 1
127 1112 1
128 3 2
128 12 1
128 14 1
128 19 1
128 20 1
128 25 2
128 85 1
128 104 1
128 125 1
128 159 1
128 171 1
128 182 1
128 223 1
128 279 1
128 348 1
128 365 1
128 505 1
128 693 1
128 1073 1
128 1113 1
128 1114 1
128 1115 1
128 1116 1
128 1117 1
128 1118 1
129 8 2
129 18 1
129 19 1
129 20 3
129 64 1
129 85 1
129 117 2
129 156 2
129 159 2
129 280 1
129 313 2
129 378 1
129 402 1
129 410 3
129 434 2
129 500 1
129 1119 1
129 1120 2
129 1121 1
129 1122 1
129 1123 1
130 1 2
130 3 1
130 14 1
130 37 1
130 232 1
130 564 1
130 583 2
130 591 1
130 624 1
130 666 1
130 704 1
130 728 1
130 1094 1
130 1124 1
130 1125 1
131 5 1
131 18 1
131 22 1
131 35 1
131 40 1
131 88 3
131 101 1
131 114 1
131 135 1
131 323 1
131 573 1
131 609 1
131 659 1
131 854 1
131 935 1
131 1126 1
131 1127 1
131 1128 1
131 1129 1
131 1130 1
132 3 2
132 42 1
132 256 1
132 644 2
132 1038 1
132 1071 1
132 1088 1
132 1131 1
132 1132 1
132 1133 2
132 1134 1
133 3 1
133 116 1
133 165 1
133 220 1
133 244 1
133 641 1
133 694 1
133 728 1
133 734 1
133 986 1
133 1135 1
133 1136 1
134 2 1
134 3 1
134 9 1
134 14 1
134 20 1
134 179 1
135 3 1
135 14 1
135 35 1
135 179 1
135 332 1
135 519 1
135 983 1
135 1137 1
136 3 1
136 10 1
136 14 1
136 20 2
136 22 1
136 36 1
136 47 1
136 57 1
136 105 1
136 117 1
136 122 2
136 134 1
136 145 1
136 165 1
136 167 1
136 184 1
136 196 1
136 267 1
136 302 1
136 411 1
136 427 1
136 541 1
136 576 1
136 582 2
136 633 1
136 657 1
136 726 1
136 751 1
136 819 2
136 948 1
136 1036 1
136 1065 1
136 1138 1
136 1139 1
136 1140 1
136 1141 1
136 1142 1
136 1143 1
136 1144 2
136 1145 1
136 1146 1
136 1147 1
136 1148 1
136 1149 1
136 1150 1
136 1151 1
136 1152 1
136 1153 1
137 3 1
137 14 1
137 165 1
137 420 1
138 3 1
138 14 1
138 35 1
138 145 1
138 165 1
138 376 1
138 560 1
138 1144 1
138 1154 1
138 1155 1
138 1156 1
139 2 1
139 3 1
139 14 1
139 98 1
139 165 1
139 266 1
139 359 2
139 463 1
139 647 1
139 683 1
139 1157 1
140 3 1
140 5 1
140 14 1
140 42 1
140 121 1
140 323 1
140 622 1
140 983 1
140 1158 1
141 1 1
141 3 1
141 49 1
141 56 1
141 161 1
141 218 1
141 332 1
141 379 1
142 2 2
142 3 3
142 9 1
142 14 1
142 17 1
142 42 2
142 63 2
142 77 1
142 242 1
142 287 1
142 319 1
142 359 1
142 367 1
142 736 1
142 737 1
142 786 1
142 1159 1
142 1160 1
142 1161 1
143 3 1
143 14 1
143 42 1
143 77 1
143 159 1
143 167 1
143 964 1
143 1162 1
144 3 2
144 5 1
144 42 2
144 57 2
144 58 1
144 88 3
144 122 3
144 143 1
144 187 4
144 219 1
144 240 1
144 252 1
144 264 2
144 332 1
144 343 1
144 378 1
144 388 1
144 519 1
144 528 1
144 545 2
144 559 1
144 643 1
144 663 1
144 823 2
144 830 1
144 896 1
144 920 1
144 921 1
144 971 1
144 983 1
144 1067 1
144 1163 1
144 1164 2
144 1165 1
144 1166 2
144 1167 1
144 1168 1
144 1169 1
144 1170 1
145 3 1
145 9 1
145 14 1
145 302 1
145 659 1
145 1171 1
146 2 1
146 81 2
146 87 1
146 116 6
146 127 1
146 135 1
146 151 1
146 156 1
146 159 1
146 170 1
146 244 1
146 271 1
146 277 1
146 319 2
146 323 1
146 327 1
146 349 1
146 644 3
146 726 1
146 743 1
146 941 1
146 1094 1
146 1156 1
146 1168 1
146 1172 1
146 1173 1
146 1174 1
146 1175 1
146 1176 1
146 1177 2
146 1178 1
146 1179 1
146 1180 1
146 1181 1
146 1182 1
146 1183 1
146 1184 1
146 1185 1
146 1186 1
147 1 1
147 3 3
147 9 1
147 25 1
147 32 1
147 37 1
147 42 1
147 60 1
147 68 1
147 105 2
147 117 1
147 133 1
147 143 1
147 148 1
147 202 1
147 205 2
147 210 2
147 218 1
147 228 2
147 263 1
147 270 1
147 304 4
147 366 1
147 550 1
147 559 1
147 615 2
147 622 1
147 625 1
147 652 1
147 716 1
147 738 1
147 772 1
147 813 1
147 819 1
147 823 1
147 860 1
147 921 1
147 963 2
147 964 3
147 982 1
147 1031 1
147 1187 1
147 1188 1
147 1189 1
147 1190 1
147 1191 1
147 1192 1
147 1193 1
147 1194 1
147 1195 1
147 1196 1
147 1197 1
147 1198 1
147 1199 1
147 1200 1
147 1201 1
148 3 1
148 9 1
148 14 1
148 23 1
148 39 1
148 157 1
148 167 1
148 314 1
148 341 1
148 544 1
148 801 1
148 1202 1
149 3 1
149 14 1
149 118 1
149 122 1
149 276 1
150 3 1
150 4 2
150 5 1
150 9 1
150 40 1
150 42 2
150 73 1
150 77 1
150 105 2
150 122 3
150 137 1
150 143 1
150 151 3
150 170 1
150 219 1
150 271 1
150 297 2
150 351 1
150 353 3
150 409 1
150 578 1
150 588 1
150 771 1
150 788 2
150 918 1
150 987 2
150 1071 1
150 1142 1
150 1203 1
150 1204 1
150 1205 1
150 1206 1
151 2 1
151 4 3
151 18 2
151 77 1
151 155 1
151 209 1
151 219 1
151 232 1
151 582 1
151 622 1
151 772 1
151 1207 1
151 1208 1
151 1209 1
151 1210 1
152 3 1
152 14 1
152 20 1
152 165 1
152 167 1
152 356 1
152 579 1
152 1144 1
152 1211 1
152 1212 1
153 3 1
153 9 1
153 14 1
153 155 1
153 319 1
153 324 1
153 359 1
153 545 1
153 860 1
153 868 1
153 873 1
153 1213 1
153 1214 1
153 1215 1
154 3 1
154 5 4
154 9 1
154 14 1
154 19 1
154 143 1
154 170 1
154 323 1
154 887 1
154 1216 1
155 3 2
155 5 1
155 14 2
155 35 1
155 47 1
155 88 1
155 118 1
155 121 1
155 124 2
155 134 1
155 136 1
155 143 2
155 162 1
155 169 2
155 220 1
155 232 1
155 244 1
155 269 1
155 274 1
155 276 2
155 323 1
155 334 1
155 518 1
155 562 1
155 674 1
155 704 1
155 740 1
155 781 1
155 790 1
155 953 1
155 1032 1
155 1156 1
155 1217 1
155 1218 1
155 1219 1
155 1220 2
155 1221 1
156 3 1
156 14 1
156 55 1
156 122 1
156 165 1
156 390 1
156 573 1
156 583 1
156 942 1
156 1222 1
156 1223 1
157 2 1
157 3 1
157 88 1
157 157 1
157 169 1
157 245 1
157 442 1
157 518 1
157 898 1
158 3 1
158 14 1
158 122 1
158 165 1
158 170 1
158 224 1
158 267 1
158 519 1
158 699 1
158 1224 1
158 1225 1
158 1226 1
158 1227 1
159 1 1
159 3 3
159 5 1
159 19 1
159 25 2
159 35 2
159 39 1
159 40 1
159 98 1
159 105 3
159 116 2
159 121 1
159 130 2
159 131 1
159 151 1
159 154 1
159 162 1
159 169 2
159 170 2
159 179 1
159 188 1
159 196 1
159 209 1
159 219 1
159 220 7
159 224 1
159 232 1
159 240 3
159 245 1
159 262 1
159 269 1
159 287 1
159 319 1
159 340 1
159 411 4
159 425 1
159 463 4
159 519 3
159 562 1
159 576 1
159 579 1
159 588 1
159 599 1
159 601 1
159 644 1
159 718 1
159 728 1
159 734 1
159 737 1
159 751 1
159 856 1
159 921 1
159 935 2
159 965 1
159 1118 1
159 1133 1
159 1201 1
159 1221 2
159 1228 1
159 1229 1
159 1230 1
159 1231 1
159 1232 2
159 1233 1
159 1234 1
159 1235 1
159 1236 1
159 1237 2
159 1238 3
159 1239 1
159 1240 3
160 3 1
160 14 1
160 121 1
160 148 1
160 601 1
160 716 2
160 894 1
160 1002 1
160 1241 1
160 1242 1
161 2 1
161 3 2
161 9 1
161 14 2
161 42 1
161 73 1
161 77 1
161 88 1
161 105 2
161 124 1
161 127 1
161 206 1
161 310 1
161 359 2
161 370 1
161 519 2
161 622 1
161 643 1
161 785 2
161 787 1
161 886 1
161 929 1
161 975 1
161 1044 1
161 1243 2
161 1244 1
161 1245 1
161 1246 2
162 3 1
162 14 1
162 77 1
162 105 2
162 121 1
162 232 1
162 891 1
163 2 1
163 3 1
163 134 1
163 162 1
163 198 1
163 359 2
163 1071 1
163 1157 1
163 1247 1
164 3 1
164 4 2
164 30 1
164 40 1
164 63 1
164 65 1
164 88 1
164 101 1
164 127 1
164 130 1
164 133 1
164 134 1
164 167 1
164 179 1
164 209 2
164 221 1
164 245 1
164 276 1
164 285 2
164 310 1
164 969 2
164 1000 1
164 1024 1
164 1094 1
164 1217 1
164 1248 3
164 1249 1
164 1250 1
164 1251 1
164 1252 1
164 1253 1
164 1254 1
165 3 1
165 14 1
165 42 1
165 44 1
165 47 1
165 57 1
165 83 1
165 85 1
165 145 1
165 170 2
165 219 1
165 390 1
165 519 1
165 527 1
165 703 1
165 835 1
165 853 1
165 909 2
165 1169 1
165 1255 1
165 1256 2
165 1257 1
165 1258 2
165 1259 1
165 1260 1
165 1261 1
165 1262 1
166 3 1
166 14 1
166 24 1
166 35 1
166 55 1
166 121 1
166 165 1
166 1263 1
166 1264 1
167 18 2
167 39 1
167 62 1
167 63 1
167 88 2
167 105 1
167 122 2
167 175 1
167 223 2
167 288 1
167 301 1
167 348 1
167 365 1
167 448 1
167 583 1
167 600 1
167 632 1
167 643 1
167 701 1
167 758 1
167 775 1
167 789 1
167 1035 1
167 1148 1
167 1265 1
167 1266 1
167 1267 1
167 1268 1
167 1269 1
168 3 1
168 14 1
168 25 1
168 42 1
168 788 1
168 1270 1
169 3 2
169 18 1
169 40 1
169 94 1
169 124 1
169 192 1
169 327 1
169 380 1
169 663 1
169 796 1
169 935 1
169 1076 1
169 1271 1
169 1272 1
169 1273 1
170 3 1
170 5 1
170 9 1
170 114 1
170 124 1
170 168 2
170 224 1
170 255 1
170 272 1
170 325 1
170 745 1
170 785 1
170 948 1
171 3 1
171 5 1
171 9 1
171 122 1
171 172 1
171 228 1
171 359 1
171 682 1
171 820 1
171 946 1
171 1031 1
171 1121 1
171 1235 1
171 1274 1
171 1275 1
171 1276 1
171 1277 1
171 1278 1
171 1279 1
171 1280 1
171 1281 1
171 1282 1
172 3 1
172 35 1
172 127 1
172 157 1
172 220 1
172 411 1
172 641 1
172 805 2
172 916 1
172 986 1
172 1023 1
172 1283 1
172 1284 1
173 1 2
173 2 1
173 3 3
173 4 2
173 5 1
173 9 1
173 14 2
173 22 1
173 25 1
173 34 1
173 42 1
173 87 2
173 93 1
173 105 4
173 112 1
173 114 1
173 122 1
173 127 2
173 155 1
173 165 1
173 179 1
173 224 1
173 232 1
173 275 1
173 296 1
173 338 1
173 341 1
173 375 1
173 432 1
173 439 1
173 448 1
173 578 1
173 583 1
173 861 1
173 1029 1
173 1094 1
173 1142 1
173 1160 1
173 1285 1
173 1286 1
173 1287 1
174 1 1
174 3 2
174 4 1
174 9 2
174 35 1
174 40 1
174 63 1
174 77 1
174 88 1
174 98 1
174 105 1
174 116 2
174 121 1
174 136 1
174 165 1
174 217 1
174 220 1
174 242 1
174 244 2
174 275 1
174 276 1
174 319 1
174 330 1
174 350 1
174 367 1
174 384 1
174 478 1
174 539 1
174 551 1
174 683 1
174 737 3
174 740 1
174 781 2
174 843 1
174 935 1
174 986 1
174 1088 1
174 1221 1
174 1230 1
174 1288 1
174 1289 1
174 1290 1
174 1291 1
174 1292 1
174 1293 2
174 1294 1
174 1295 1
174 1296 1
174 1297 1
174 1298 1
174 1299 1
175 3 1
175 12 1
175 20 1
175 25 2
175 40 2
175 57 3
175 73 2
175 75 1
175 77 1
175 81 1
175 103 1
175 105 1
175 125 1
175 127 1
175 157 1
175 170 2
175 209 1
175 241 1
175 260 1
175 302 1
175 327 1
175 376 1
175 693 1
175 703 1
175 731 1
175 787 1
175 917 1
175 948 1
175 971 1
175 977 1
175 1058 1
175 1085 1
175 1121 1
175 1300 1
175 1301 1
175 1302 1
175 1303 1
175 1304 1
175 1305 1
175 1306 1
175 1307 1
175 1308 1
175 1309 1
175 1310 1
175 1311 1
176 3 1
176 8 1
176 25 1
176 89 1
176 122 3
176 141 1
176 143 1
176 152 1
176 160 1
176 170 3
176 221 1
176 240 2
176 262 1
176 267 1
176 288 1
176 305 1
176 390 1
176 499 1
176 519 1
176 532 1
176 573 2
176 643 1
176 664 1
176 704 1
176 705 1
176 1005 1
176 1156 1
176 1312 1
176 1313 1
177 3 1
177 5 1
177 122 2
177 123 1
177 130 1
177 134 1
177 156 1
177 165 1
177 224 1
177 390 1
177 519 1
177 690 1
177 799 1
177 1314 1
177 1315 1
177 1316 1
177 1317 2
178 3 2
178 37 1
178 170 1
178 307 2
178 427 2
178 573 1
178 622 1
178 854 1
178 1318 1
179 3 4
179 5 1
179 9 1
179 10 1
179 14 2
179 42 1
179 57 1
179 87 1
179 92 1
179 94 1
179 133 1
179 162 1
179 170 3
179 178 1
179 188 1
179 199 1
179 205 1
179 232 2
179 275 1
179 306 1
179 319 1
179 324 2
179 345 1
179 349 1
179 408 1
179 527 1
179 541 1
179 601 1
179 643 1
179 665 1
179 745 1
179 991 2
179 1206 1
179 1273 1
179 1313 1
179 1319 1
179 1320 1
179 1321 3
179 1322 1
179 1323 1
179 1324 1
179 1325 1
179 1326 1
179 1327 1
179 1328 1
179 1329 1
179 1330 2
179 1331 1
179 1332 1
179 1333 1
179 1334 1
179 1335 1
180 1 1
180 3 3
180 14 1
180 42 1
180 135 1
180 211 1
180 304 1
180 341 1
180 348 1
180 367 1
181 3 1
181 67 1
181 157 1
181 446 1
181 519 1
182 3 3
182 5 1
182 9 2
182 14 3
182 19 1
182 20 1
182 42 1
182 133 1
182 135 2
182 219 1
182 222 1
182 232 1
182 320 1
182 716 1
182 751 1
182 770 1
182 894 1
182 1002 1
182 1076 1
182 1237 1
182 1336 1
182 1337 1
182 1338 1
182 1339 1
183 3 1
183 14 1
183 165 1
183 167 1
183 729 2
184 3 1
184 40 1
184 94 1
184 224 1
184 311 1
184 519 1
184 588 1
184 665 2
184 936 1
184 937 1
185 3 4
185 14 1
185 20 1
185 40 2
185 48 1
185 57 1
185 62 1
185 63 1
185 74 1
185 75 1
185 77 4
185 80 1
185 81 1
185 82 1
185 87 1
185 89 1
185 93 1
185 114 1
185 143 1
185 151 2
185 161 2
185 165 3
185 170 5
185 172 2
185 187 1
185 209 1
185 219 1
185 221 1
185 224 1
185 288 1
185 297 2
185 303 2
185 343 1
185 344 1
185 390 2
185 564 1
185 602 1
185 663 1
185 671 3
185 691 1
185 720 2
185 737 1
185 748 2
185 777 1
185 855 1
185 929 2
185 937 1
185 955 2
185 973 1
185 1297 1
185 1340 1
185 1341 1
185 1342 1
185 1343 1
185 1344 1
185 1345 1
185 1346 1
186 5 1
186 68 1
186 85 1
186 836 1
186 894 1
186 1306 1
186 1347 1
186 1348 1
186 1349 1
186 1350 1
187 1 1
187 3 3
187 8 4
187 14 1
187 42 3
187 47 1
187 57 1
187 77 1
187 104 1
187 105 1
187 116 1
187 122 1
187 131 2
187 135 1
187 141 4
187 145 1
187 155 1
187 165 2
187 170 7
187 240 1
187 305 3
187 323 1
187 408 1
187 505 1
187 506 1
187 575 1
187 817 1
187 821 1
187 854 1
187 894 1
187 912 1
187 982 3
187 1351 1
187 1352 1
187 1353 1
187 1354 1
188 3 1
188 9 1
188 20 1
188 35 1
188 42 1
188 103 1
188 404 1
188 1355 1
189 14 2
189 18 1
189 22 1
189 37 1
189 63 1
189 135 1
189 170 1
189 224 1
189 336 1
189 693 1
189 1076 1
189 1085 1
189 1271 1
189 1356 1
189 1357 1
190 3 1
190 5 2
190 9 1
190 40 2
190 42 3
190 57 1
190 77 2
190 82 1
190 88 2
190 114 1
190 122 1
190 143 1
190 157 1
190 159 1
190 179 1
190 184 1
190 288 1
190 323 2
190 432 2
190 544 1
190 583 2
190 1048 1
190 1347 2
190 1358 1
190 1359 1
190 1360 1
190 1361 1
190 1362 1
190 1363 1
191 1 3
191 3 4
191 5 2
191 9 1
191 55 1
191 77 3
191 83 2
191 104 1
191 105 1
191 124 1
191 127 1
191 134 1
191 163 1
191 209 1
191 232 1
191 279 1
191 288 1
191 290 1
191 310 1
191 323 1
191 332 1
191 357 1
191 359 3
191 363 1
191 364 1
191 398 1
191 448 1
191 564 2
191 566 8
191 661 5
191 785 3
191 885 1
191 1088 2
191 1174 3
191 1240 1
191 1364 1
191 1365 1
191 1366 1
191 1367 2
191 1368 1
192 3 2
192 5 3
192 14 3
192 19 1
192 35 1
192 71 1
192 94 1
192 101 1
192 117 2
192 135 1
192 159 2
192 165 1
192 179 1
192 271 1
192 272 2
192 432 1
192 519 1
192 539 1
192 553 1
192 560 1
192 577 1
192 583 2
192 659 1
192 726 1
192 756 1
192 771 1
192 778 1
192 785 1
192 875 1
192 904 1
192 929 1
192 964 3
192 1029 2
192 1076 1
192 1085 1
192 1103 1
192 1113 2
192 1162 1
192 1267 1
192 1314 1
192 1369 1
192 1370 1
192 1371 1
192 1372 1
192 1373 1
192 1374 1
193 3 1
193 14 1
193 42 1
193 94 1
193 122 1
193 159 1
193 240 1
193 390 1
193 573 1
193 756 1
193 1375 1
194 3 1
194 42 2
194 57 1
194 122 1
194 170 1
194 201 1
194 390 1
194 573 1
194 641 1
194 665 1
194 894 2
194 1038 1
194 1288 1
194 1375 1
194 1376 1
194 1377 1
194 1378 1
194 1379 1
195 3 1
195 10 1
195 14 1
195 35 1
195 105 1
195 148 1
195 165 1
195 170 1
195 220 2
195 240 1
195 276 1
195 280 1
195 773 1
195 1136 1
195 1147 1
195 1380 1
196 2 1
196 3 2
196 25 1
196 35 2
196 49 1
196 59 1
196 87 1
196 128 1
196 148 1
196 172 1
196 179 1
196 220 3
196 223 1
196 289 1
196 334 1
196 854 1
196 1097 1
197 3 1
197 5 1
197 14 1
197 37 1
197 122 1
197 165 1
197 184 1
197 738 1
197 1085 1
197 1381 1
198 1 1
198 3 1
198 22 1
198 65 1
198 77 2
198 102 1
198 105 1
198 134 2
198 165 3
198 170 1
198 184 1
198 310 1
198 323 1
198 380 1
198 421 1
198 515 1
198 519 1
198 527 1
198 528 1
198 576 1
198 927 1
198 1338 1
198 1382 1
199 3 1
199 14 1
199 35 2
199 103 1
199 134 1
199 148 1
199 157 1
199 214 1
199 221 1
199 539 1
199 601 2
199 709 1
199 1366 1
200 3 2
200 8 1
200 14 2
200 18 1
200 39 1
200 47 3
200 94 1
200 105 3
200 114 1
200 117 2
200 135 1
200 156 1
200 159 1
200 165 1
200 206 1
200 219 2
200 240 1
200 274 1
200 432 1
200 434 1
200 479 4
200 573 1
200 788 1
200 1113 1
200 1270 1
200 1383 1
200 1384 2
200 1385 1
201 3 2
201 4 1
201 5 1
201 9 1
201 14 2
201 32 1
201 73 1
201 76 1
201 82 1
201 94 1
201 114 1
201 125 1
201 134 1
201 136 1
201 141 1
201 159 4
201 165 3
201 171 1
201 179 2
201 219 1
201 220 3
201 232 1
201 244 2
201 302 1
201 307 1
201 310 1
201 320 1
201 327 1
201 401 1
201 583 1
201 644 1
201 703 1
201 860 1
201 973 1
201 1029 3
201 1103 1
201 1142 1
201 1238 1
201 1386 1
201 1387 1
202 3 1
202 42 1
202 82 1
202 209 1
202 307 1
202 367 1
202 909 1
203 2 1
203 3 2
203 5 2
203 14 2
203 18 2
203 49 1
203 93 1
203 98 1
203 128 2
203 169 1
203 179 2
203 220 1
203 289 1
203 294 1
203 740 1
203 787 1
203 1285 1
203 1388 1
204 3 3
204 5 2
204 9 1
204 20 1
204 81 1
204 94 1
204 104 1
204 133 1
204 151 1
204 162 1
204 170 1
204 208 1
204 209 1
204 232 1
204 370 1
204 601 1
204 627 1
204 870 1
204 1069 1
204 1364 1
204 1389 1
204 1390 2
204 1391 1
205 3 1
205 5 1
205 35 4
205 57 1
205 68 1
205 80 1
205 81 2
205 105 1
205 121 4
205 122 1
205 134 1
205 162 1
205 170 1
205 173 1
205 220 1
205 232 1
205 244 1
205 294 1
205 308 1
205 323 2
205 432 1
205 528 1
205 577 1
205 578 1
205 690 1
205 722 2
205 894 1
205 935 1
205 1127 1
205 1173 1
205 1230 1
205 1392 1
205 1393 1
205 1394 1
205 1395 1
205 1396 1
206 3 3
206 9 1
206 14 1
206 22 1
206 24 1
206 35 1
206 40 1
206 121 1
206 125 1
206 165 2
206 167 2
206 320 1
206 539 1
206 601 1
206 818 1
206 856 1
206 898 1
206 964 2
206 1162 1
206 1397 1
206 1398 1
207 3 3
207 5 1
207 30 2
207 32 1
207 34 1
207 73 1
207 87 3
207 105 1
207 165 1
207 182 1
207 217 1
207 229 1
207 327 1
207 576 1
207 642 2
207 644 1
207 743 1
207 777 1
207 821 1
207 900 2
207 929 2
207 937 1
207 1071 2
207 1093 1
207 1188 1
207 1258 1
207 1399 1
207 1400 1
207 1401 1
207 1402 1
207 1403 1
207 1404 3
207 1405 1
207 1406 1
207 1407 1
207 1408 1
207 1409 1
207 1410 1
208 3 1
208 5 1
208 14 1
208 57 2
208 105 1
208 114 1
208 145 1
208 148 1
208 153 1
208 158 1
208 165 2
208 201 1
208 228 1
208 318 1
208 323 1
208 578 1
208 605 1
208 785 1
208 811 1
208 812 1
208 854 1
208 909 1
208 1411 1
208 1412 1
208 1413 1
208 1414 1
208 1415 1
209 3 2
209 4 1
209 5 1
209 9 2
209 27 1
209 35 1
209 42 1
209 77 1
209 81 1
209 105 3
209 116 1
209 121 1
209 133 1
209 143 1
209 169 1
209 209 1
209 217 1
209 220 1
209 234 1
209 244 3
209 247 1
209 272 2
209 288 1
209 294 3
209 323 1
209 359 1
209 463 2
209 578 1
209 583 1
209 643 1
209 663 2
209 767 1
209 894 1
209 978 1
209 1199 1
209 1244 1
209 1395 1
209 1416 1
209 1417 1
209 1418 1
209 1419 1
209 1420 2
209 1421 1
209 1422 1
209 1423 1
210 3 1
210 5 1
210 14 2
210 19 1
210 55 1
210 124 1
210 135 1
210 425 1
210 519 1
210 582 1
210 788 1
210 1270 1
211 3 1
211 14 1
211 20 1
211 169 1
211 751 1
211 898 1
211 906 1
211 964 1
211 1049 1
211 1113 1
212 1 1
212 3 1
212 5 1
212 122 1
212 186 1
212 330 1
212 463 2
212 527 1
212 547 1
212 1424 1
212 1425 1
212 1426 1
212 1427 1
213 3 1
213 9 2
213 77 1
213 88 1
213 124 1
213 153 1
213 158 1
213 168 1
213 207 1
213 280 1
213 358 1
213 359 1
213 878 1
214 3 1
214 4 1
214 14 1
214 35 1
214 68 3
214 121 1
214 143 1
214 159 1
214 165 1
214 182 1
214 217 1
214 260 2
214 262 1
214 330 1
214 489 1
214 573 1
214 631 1
214 720 1
214 854 1
214 929 1
214 963 2
214 964 1
214 965 1
214 966 1
214 967 1
214 968 1
214 969 1
214 970 1
214 971 1
214 972 1
214 973 1
215 1 3
215 3 5
215 4 1
215 5 1
215 32 1
215 42 1
215 47 1
215 68 1
215 73 1
215 75 1
215 77 4
215 80 1
215 81 2
215 86 1
215 89 1
215 93 1
215 104 1
215 116 5
215 122 1
215 124 1
215 127 1
215 128 1
215 132 1
215 151 1
215 162 1
215 165 1
215 172 3
215 178 1
215 186 1
215 188 1
215 221 1
215 252 1
215 253 2
215 260 1
215 264 1
215 279 1
215 280 1
215 288 2
215 302 2
215 357 1
215 386 1
215 394 4
215 401 1
215 403 2
215 537 1
215 559 1
215 613 1
215 630 3
215 633 1
215 643 1
215 671 1
215 674 1
215 683 1
215 722 1
215 777 1
215 804 1
215 843 1
215 849 1
215 921 1
215 1038 1
215 1058 1
215 1123 1
215 1142 1
215 1144 1
215 1246 1
215 1292 1
215 1428 1
215 1429 1
215 1430 1
215 1431 1
215 1432 2
215 1433 1
215 1434 1
215 1435 1
215 1436 1
215 1437 4
215 1438 1
215 1439 1
215 1440 1
215 1441 1
215 1442 1
215 1443 1
215 1444 1
216 1 3
216 3 4
216 9 3
216 25 1
216 58 1
216 64 2
216 67 1
216 93 1
216 105 1
216 122 2
216 127 1
216 171 1
216 388 2
216 399 4
216 404 1
216 454 1
216 563 1
216 564 1
216 627 1
216 759 1
216 929 1
216 1073 1
216 1364 1
216 1409 1
216 1433 1
216 1445 1
217 1 1
217 3 2
217 9 1
217 14 1
217 24 1
217 67 1
217 87 2
217 125 1
217 134 1
217 143 1
217 164 1
217 209 1
217 224 1
217 310 1
217 332 1
217 341 1
217 343 2
217 485 1
217 567 1
217 578 1
217 731 1
217 921 1
217 1446 1
217 1447 1
217 1448 1
217 1449 1
217 1450 1
218 3 1
218 75 2
218 80 2
218 96 1
218 105 1
218 205 1
218 289 1
218 644 2
218 745 2
218 1084 1
218 1113 1
218 1177 1
218 1451 1
218 1452 1
218 1453 1
218 1454 1
219 1 3
219 3 3
219 10 1
219 14 2
219 25 1
219 30 1
219 87 1
219 93 1
219 161 2
219 187 1
219 305 1
219 454 1
219 488 1
219 556 1
219 599 1
219 644 1
219 916 1
219 921 3
219 941 1
219 1455 1
219 1456 2
219 1457 1
219 1458 1
220 2 1
220 3 1
220 9 1
220 10 1
220 14 1
220 77 1
220 168 1
220 359 1
220 787 1
220 1459 1
220 1460 1
220 1461 1
220 1462 1
221 3 1
221 143 2
221 172 1
221 179 1
221 297 1
221 319 1
221 1463 1
221 1464 1
221 1465 1
222 9 1
222 57 1
222 77 2
222 134 1
222 151 1
222 161 2
222 163 1
222 170 3
222 234 1
222 248 1
222 253 1
222 267 1
222 283 1
222 314 1
222 323 3
222 565 1
222 622 1
222 673 1
222 720 1
222 830 1
222 927 1
222 946 1
222 964 1
222 1031 1
222 1137 1
222 1235 1
222 1365 1
222 1391 1
222 1466 1
222 1467 1
222 1468 1
222 1469 1
222 1470 1
222 1471 1
222 1472 1
222 1473 2
222 1474 3
223 1 1
223 2 1
223 3 3
223 13 1
223 77 1
223 127 1
223 168 2
223 209 1
223 224 1
223 310 1
223 359 1
223 453 2
223 647 1
223 1121 1
224 3 3
224 4 1
224 5 1
224 19 1
224 40 1
224 55 1
224 87 1
224 89 1
224 124 2
224 145 1
224 155 1
224 165 2
224 170 1
224 172 1
224 180 2
224 210 1
224 258 1
224 262 1
224 355 1
224 519 1
224 546 1
224 578 3
224 600 1
224 786 1
224 844 1
224 868 2
224 966 1
224 982 1
224 1132 3
224 1199 3
224 1259 1
224 1377 1
224 1397 1
224 1475 1
224 1476 1
224 1477 1
224 1478 1
224 1479 3
224 1480 1
224 1481 1
225 3 1
225 14 1
225 40 1
225 94 1
225 143 1
225 156 1
225 159 1
225 165 1
225 171 1
225 370 1
225 736 1
225 1124 1
225 1267 1
225 1271 1
225 1347 1
225 1446 1
225 1482 1
225 1483 1
225 1484 1
226 1 1
226 2 1
226 3 3
226 4 2
226 5 2
226 9 1
226 35 3
226 42 1
226 43 1
226 47 2
226 55 1
226 57 2
226 73 2
226 75 1
226 77 1
226 80 1
226 81 1
226 88 1
226 90 1
226 94 1
226 97 1
226 101 1
226 105 1
226 114 2
226 121 2
226 122 1
226 127 1
226 134 4
226 135 1
226 141 1
226 155 1
226 164 2
226 169 2
226 170 6
226 179 3
226 209 1
226 219 1
226 220 4
226 221 2
226 245 1
226 294 1
226 326 2
226 349 1
226 363 5
226 367 1
226 380 1
226 399 1
226 411 1
226 453 1
226 519 2
226 539 1
226 566 1
226 575 1
226 583 1
226 588 1
226 647 1
226 659 3
226 664 1
226 680 1
226 693 1
226 744 1
226 745 1
226 801 1
226 950 1
226 1002 1
226 1029 1
226 1100 7
226 1156 1
226 1274 1
226 1315 1
226 1360 2
226 1409 1
226 1454 1
226 1485 1
226 1486 1
226 1487 1
226 1488 1
226 1489 2
226 1490 1
226 1491 1
226 1492 1
226 1493 1
226 1494 1
226 1495 2
226 1496 1
226 1497 1
226 1498 1
226 1499 1
226 1500 1
226 1501 1
226 1502 1
226 1503 1
227 3 1
227 49 1
227 105 1
227 408 1
227 578 1
227 659 1
227 1113 1
228 3 2
228 48 1
228 49 1
228 63 1
228 65 1
228 90 1
228 129 1
228 133 1
228 135 1
228 217 1
228 219 1
228 221 1
228 224 1
228 228 1
228 296 1
228 319 1
228 424 1
228 707 1
228 729 1
228 735 1
228 776 1
228 801 1
228 959 2
228 1123 1
228 1280 1
228 1313 1
228 1333 1
228 1446 1
228 1504 1
228 1505 1
228 1506 1
229 3 1
229 9 1
229 12 1
229 42 1
229 47 2
229 49 1
229 53 1
229 55 1
229 57 1
229 77 4
229 111 1
229 115 3
229 116 1
229 122 1
229 123 1
229 173 1
229 194 1
229 220 3
229 313 1
229 319 1
229 321 1
229 339 1
229 374 1
229 375 1
229 390 4
229 575 1
229 682 1
229 917 1
229 1088 1
229 1507 1
229 1508 1
230 3 1
230 1509 1
230 1510 1
231 3 1
231 9 2
231 49 1
231 66 1
231 363 1
232 3 1
232 49 1
232 77 2
232 125 1
232 220 2
232 307 1
232 310 1
232 356 1
232 492 1
232 647 1
232 986 1
232 1088 1
233 3 3
233 4 1
233 10 1
233 42 1
233 49 1
233 73 1
233 164 1
233 367 1
233 395 1
233 519 1
233 955 1
233 1132 1
233 1365 1
233 1511 1
233 1512 1
234 68 1
234 323 1
234 406 1
234 554 1
234 555 1
234 1513 1
235 1 3
235 3 3
235 9 1
235 67 1
235 77 3
235 83 1
235 87 2
235 111 1
235 125 1
235 143 1
235 151 1
235 158 1
235 165 1
235 170 1
235 171 3
235 172 3
235 178 1
235 190 1
235 196 1
235 216 1
235 220 3
235 224 1
235 234 1
235 240 1
235 245 1
235 307 2
235 350 1
235 375 1
235 404 2
235 553 1
235 643 1
235 691 1
235 722 1
235 736 1
235 794 1
235 831 1
235 884 1
235 929 1
235 955 1
235 978 1
235 986 1
235 1024 1
235 1146 2
235 1200 1
235 1293 2
235 1512 1
235 1514 2
235 1515 1
235 1516 1
235 1517 1
235 1518 1
236 3 1
236 49 1
236 519 1
236 573 1
236 1313 1
237 3 1
237 49 1
237 75 1
237 105 1
237 113 1
237 127 1
237 171 1
237 244 1
237 341 1
237 530 1
237 537 1
237 563 1
238 5 2
238 9 1
238 42 1
238 47 1
238 55 2
238 77 4
238 83 1
238 86 1
238 88 1
238 96 1
238 97 1
238 105 1
238 134 1
238 135 1
238 165 1
238 170 1
238 173 1
238 359 2
238 383 1
238 390 1
238 530 1
238 573 1
238 583 1
238 621 1
238 635 1
238 661 1
238 785 4
238 885 1
238 1425 1
238 1519 1
239 1 2
239 3 2
239 9 2
239 14 2
239 55 1
239 68 1
239 135 1
239 167 2
239 287 1
239 367 1
239 594 1
239 648 1
239 1520 1
239 1521 1
239 1522 1
240 3 3
240 5 3
240 9 1
240 67 1
240 77 2
240 94 1
240 104 1
240 133 2
240 134 3
240 171 1
240 219 1
240 221 1
240 228 4
240 323 1
240 448 1
240 583 1
240 644 2
240 659 1
240 711 1
240 736 1
240 744 1
240 817 1
240 948 1
240 1031 1
240 1097 1
240 1453 2
240 1506 1
240 1523 1
240 1524 1
240 1525 1
241 1 4
241 3 1
241 17 1
241 35 1
241 82 2
241 87 1
241 133 1
241 164 1
241 202 1
241 209 1
241 319 1
241 343 3
241 642 1
241 643 2
241 644 2
241 726 2
241 748 1
241 898 1
241 904 1
241 1105 1
241 1526 2
241 1527 1
241 1528 1
241 1529 1
241 1530 1
242 3 3
242 32 1
242 42 1
242 57 2
242 64 1
242 73 1
242 82 1
242 83 1
242 145 1
242 165 3
242 170 2
242 193 4
242 213 1
242 275 2
242 323 1
242 330 1
242 350 1
242 528 1
242 964 1
242 977 2
242 997 1
242 1199 1
242 1453 1
242 1512 1
243 3 1
243 171 2
243 224 1
244 5 1
244 9 1
244 18 1
244 35 2
244 133 2
244 182 1
244 327 1
244 432 1
244 663 1
244 740 1
244 952 1
244 1389 1
244 1531 1
244 1532 1
244 1533 1
244 1534 1
245 2 1
245 9 2
245 14 1
245 73 1
245 90 1
245 116 1
245 127 1
245 151 1
245 171 4
245 182 1
245 232 1
245 386 1
245 453 2
245 505 1
245 566 1
245 746 1
245 859 1
245 926 1
245 1050 1
245 1083 1
245 1124 1
245 1445 1
245 1535 1
245 1536 1
245 1537 1
245 1538 2
245 1539 1
245 1540 1
245 1541 1
246 3 1
246 66 1
246 67 1
246 122 1
246 252 1
246 343 1
246 365 1
246 448 1
246 519 1
246 643 1
246 768 1
246 802 1
246 1312 1
246 1542 1
246 1543 1
246 1544 1
246 1545 1
247 5 1
247 14 1
247 93 1
247 127 1
247 151 1
247 157 1
247 169 3
247 186 2
247 220 2
247 240 1
247 245 1
247 334 1
247 402 1
247 442 1
247 558 1
247 802 1
247 986 1
247 1546 1
248 3 1
248 42 1
248 49 1
248 77 1
248 83 1
248 93 1
248 170 1
248 171 1
248 527 1
248 926 1
248 1118 1
248 1445 1
248 1523 1
249 2 1
249 3 1
249 5 1
249 9 2
249 12 4
249 40 1
249 67 1
249 77 2
249 94 1
249 98 1
249 135 1
249 159 1
249 163 2
249 171 1
249 179 1
249 213 1
249 252 1
249 332 2
249 370 1
250 3 1
250 5 1
250 13 1
250 22 1
250 75 1
250 81 3
250 93 1
250 121 2
250 161 1
250 167 1
250 192 1
250 207 1
250 210 1
250 221 1
250 227 1
250 291 1
250 307 2
250 334 1
250 519 1
250 541 2
250 580 1
250 621 1
250 878 1
250 953 1
250 1140 1
250 1377 1
250 1547 1
251 3 4
251 5 1
251 14 1
251 22 2
251 77 1
251 88 1
251 116 1
251 121 1
251 125 1
251 145 2
251 159 1
251 163 1
251 165 1
251 274 1
251 363 1
251 580 1
251 588 1
251 1185 1
251 1548 1
252 3 1
252 14 1
252 28 1
252 135 1
252 179 1
252 294 2
252 323 1
252 642 1
253 3 2
253 12 1
253 88 1
253 101 1
253 125 1
253 901 1
253 1549 2
253 1550 1
253 1551 1
253 1552 1
254 2 1
254 3 1
254 5 1
254 9 2
254 82 2
254 101 1
254 135 1
254 141 2
254 165 2
254 171 1
254 357 1
254 421 5
254 477 1
254 519 1
254 541 1
254 647 1
254 659 3
254 951 1
254 1085 1
254 1310 1
254 1553 1
254 1554 1
254 1555 1
254 1556 1
254 1557 1
255 1 1
255 2 5
255 3 2
255 4 1
255 5 5
255 8 1
255 12 4
255 18 1
255 25 2
255 47 1
255 59 1
255 75 1
255 76 2
255 77 3
255 80 1
255 81 1
255 85 1
255 86 1
255 88 1
255 90 2
255 94 1
255 105 3
255 121 1
255 122 1
255 125 3
255 127 1
255 134 3
255 151 1
255 155 1
255 165 1
255 170 1
255 184 1
255 186 2
255 188 1
255 192 1
255 218 1
255 221 1
255 258 2
255 271 1
255 293 1
255 294 1
255 310 1
255 320 2
255 323 1
255 326 1
255 334 1
255 352 1
255 357 2
255 363 7
255 432 1
255 439 1
255 487 2
255 519 1
255 564 1
255 623 1
255 627 1
255 664 1
255 690 1
255 693 3
255 722 1
255 724 1
255 734 1
255 736 2
255 767 1
255 781 1
255 804 1
255 821 1
255 861 1
255 929 2
255 962 1
255 1002 1
255 1069 1
255 1097 3
255 1123 1
255 1136 1
255 1142 1
255 1156 1
255 1189 1
255 1206 1
255 1218 1
255 1303 1
255 1558 1
255 1559 2
255 1560 1
255 1561 1
255 1562 1
255 1563 2
255 1564 1
255 1565 1
255 1566 3
255 1567 1
255 1568 1
255 1569 1
255 1570 1
255 1571 2
255 1572 1
255 1573 1
255 1574 1
255 1575 1
255 1576 1
255 1577 1
255 1578 1
255 1579 1
255 1580 1
255 1581 1
255 1582 1
255 1583 2
255 1584 1
255 1585 2
256 3 3
256 18 1
256 32 1
256 75 1
256 77 1
256 81 1
256 179 1
256 340 1
256 344 1
256 357 1
256 359 1
256 937 1
256 1586 1
256 1587 1
257 22 1
257 75 1
257 77 2
257 81 1
257 92 1
257 96 1
257 104 1
257 121 1
257 141 1
257 172 1
257 201 1
257 209 1
257 220 1
257 221 1
257 229 1
257 279 1
257 289 1
257 359 1
257 424 1
257 500 1
257 562 1
257 590 1
257 651 1
257 707 1
257 774 1
257 1103 1
257 1350 1
257 1446 1
257 1588 1
257 1589 1
258 24 1
258 66 2
258 67 1
258 116 1
258 122 1
258 135 2
258 161 1
258 330 1
258 383 1
258 555 1
258 982 1
258 1468 1
258 1590 1
258 1591 1
259 3 2
259 5 1
259 9 1
259 12 1
259 14 1
259 64 1
259 133 1
259 134 1
259 148 1
259 151 1
259 165 1
259 170 1
259 220 1
259 232 2
259 240 1
259 276 1
259 357 1
259 459 1
259 674 1
259 728 1
259 729 1
259 1002 1
259 1094 1
259 1234 1
259 1303 1
259 1469 1
259 1504 1
259 1592 1
259 1593 1
260 42 1
260 48 1
260 60 1
260 63 2
260 77 2
260 94 1
260 105 1
260 122 1
260 124 1
260 137 1
260 145 1
260 160 1
260 163 1
260 170 2
260 193 1
260 217 1
260 277 1
260 323 1
260 325 1
260 336 1
260 341 1
260 370 1
260 390 1
260 399 1
260 519 1
260 556 1
260 559 1
260 566 1
260 622 1
260 643 1
260 652 1
260 665 1
260 693 1
260 727 1
260 766 2
260 822 1
260 921 2
260 928 1
260 936 1
260 972 2
260 982 1
260 1100 1
260 1253 1
260 1329 1
260 1342 1
260 1453 1
260 1506 1
260 1594 1
260 1595 1
260 1596 1
260 1597 1
260 1598 1
260 1599 1
260 1600 1
260 1601 1
260 1602 1
260 1603 1
261 1 1
261 3 2
261 14 4
261 42 3
261 44 1
261 45 2
261 49 1
261 55 1
261 57 1
261 59 1
261 77 4
261 80 1
261 115 1
261 116 2
261 117 3
261 122 3
261 143 1
261 148 1
261 150 1
261 159 1
261 184 1
261 186 1
261 234 1
261 242 1
261 259 1
261 324 2
261 395 1
261 399 1
261 407 1
261 442 1
261 446 1
261 573 2
261 583 1
261 665 6
261 748 2
261 778 1
261 925 1
261 929 1
261 936 1
261 965 1
261 1085 1
261 1218 1
261 1317 2
261 1604 1
261 1605 1
261 1606 1
261 1607 1
262 1 1
262 3 1
262 125 1
262 224 1
262 1446 1
263 1 1
263 3 2
263 4 2
263 5 2
263 8 1
263 14 1
263 19 1
263 25 1
263 42 1
263 48 1
263 52 1
263 57 1
263 63 2
263 68 1
263 77 3
263 80 1
263 81 2
263 94 1
263 104 1
263 105 1
263 114 1
263 116 2
263 118 1
263 121 3
263 124 1
263 135 1
263 140 1
263 141 1
263 143 1
263 145 1
263 152 1
263 153 1
263 159 1
263 170 7
263 187 2
263 189 1
263 190 1
263 196 1
263 205 1
263 209 1
263 217 1
263 228 1
263 232 1
263 270 1
263 279 1
263 283 1
263 306 3
263 312 1
263 319 1
263 321 1
263 359 2
263 365 1
263 390 1
263 399 1
263 446 1
263 448 1
263 519 3
263 521 1
263 578 1
263 582 1
263 610 1
263 643 1
263 652 1
263 674 1
263 690 1
263 716 1
263 720 1
263 728 1
263 736 1
263 745 1
263 789 1
263 822 1
263 830 1
263 854 1
263 860 1
263 965 1
263 1014 1
263 1103 1
263 1142 1
263 1171 1
263 1282 2
263 1283 1
263 1302 1
263 1317 2
263 1477 1
263 1504 1
263 1579 2
263 1595 1
263 1608 1
263 1609 1
263 1610 1
263 1611 1
263 1612 1
263 1613 1
263 1614 1
263 1615 1
263 1616 1
263 1617 1
263 1618 1
264 3 1
264 47 1
264 98 2
264 122 1
264 224 2
264 266 1
264 310 1
264 633 1
264 1081 1
264 1117 1
264 1144 1
264 1619 1
264 1620 1
265 3 2
265 5 1
265 14 1
265 30 1
265 74 1
265 87 2
265 94 2
265 105 1
265 133 1
265 171 2
265 172 1
265 173 1
265 184 1
265 188 1
265 202 1
265 213 1
265 267 1
265 296 1
265 404 1
265 856 1
265 1425 2
265 1621 1
265 1622 4
265 1623 1
265 1624 3
265 1625 1
266 3 1
266 4 2
266 14 1
266 383 1
266 564 2
266 921 1
266 1142 1
266 1446 1
266 1626 1
267 68 1
267 87 1
267 132 1
267 171 1
267 182 2
267 459 1
267 664 1
267 707 1
267 987 1
267 1446 1
267 1627 1
268 3 1
268 9 1
268 68 1
268 224 1
268 367 1
268 402 1
268 664 1
268 983 2
269 3 2
269 12 1
269 209 1
269 659 1
269 693 1
269 1058 1
269 1628 1
269 1629 1
270 1 1
270 3 2
270 5 2
270 88 1
270 161 1
270 184 1
270 259 1
270 319 1
270 330 1
270 344 1
270 495 1
270 731 1
270 1630 1
270 1631 1
270 1632 1
271 3 1
271 20 1
271 42 2
271 51 1
271 61 1
271 63 1
271 77 1
271 104 1
271 118 1
271 122 1
271 152 1
271 287 1
271 326 1
271 374 1
271 489 1
271 505 1
271 528 1
271 545 1
271 556 1
271 583 1
271 756 1
271 917 2
271 964 1
271 970 2
271 972 2
271 1023 1
271 1283 1
271 1354 1
271 1420 1
271 1458 1
271 1567 1
271 1622 1
271 1633 2
271 1634 1
271 1635 1
271 1636 1
271 1637 1
271 1638 1
272 1 1
272 3 1
272 9 1
272 224 1
272 660 1
272 983 1
273 3 2
273 5 1
273 18 2
273 77 1
273 90 1
273 117 1
273 152 1
273 304 1
273 573 1
273 729 1
273 860 1
273 1639 1
273 1640 1
273 1641 1
274 1 1
274 3 1
274 14 1
274 22 1
274 40 1
274 121 1
274 131 1
274 262 1
274 583 2
274 804 1
274 1642 1
275 3 2
275 14 1
275 47 1
275 83 1
275 101 1
275 116 1
275 141 1
275 146 1
275 148 1
275 169 1
275 196 1
275 209 1
275 220 4
275 264 1
275 287 1
275 513 1
275 518 1
275 523 1
275 648 1
275 856 1
275 917 1
275 921 1
275 950 1
275 996 1
275 1643 1
275 1644 1
276 3 1
276 7 1
276 98 1
276 134 1
276 168 2
276 363 1
276 399 1
276 642 2
276 644 1
276 785 1
276 1397 1
277 3 1
277 75 1
277 81 1
277 114 1
277 127 2
277 171 2
277 288 1
277 341 1
277 351 1
277 530 1
277 604 1
277 648 1
277 899 1
277 1522 1
277 1645 1
277 1646 1
278 1 1
278 3 1
278 5 1
278 30 1
278 49 1
278 62 1
278 68 1
278 170 1
278 221 1
278 341 1
278 604 1
278 644 2
278 694 1
278 704 1
278 720 1
278 777 1
278 941 1
278 952 1
278 1455 1
278 1498 1
278 1502 1
278 1612 1
278 1639 1
278 1647 1
278 1648 1
278 1649 1
278 1650 2
278 1651 1
278 1652 1
278 1653 1
279 1 3
279 3 3
279 5 3
279 7 1
279 8 1
279 9 1
279 21 2
279 32 1
279 74 1
279 77 2
279 87 1
279 105 1
279 127 1
279 132 1
279 144 1
279 151 1
279 152 1
279 164 1
279 170 2
279 172 1
279 175 1
279 186 2
279 192 1
279 220 3
279 260 1
279 274 1
279 287 1
279 302 5
279 314 1
279 319 2
279 324 2
279 334 1
279 367 1
279 379 1
279 385 3
279 399 2
279 407 1
279 408 1
279 409 1
279 556 1
279 580 1
279 604 2
279 652 1
279 725 1
279 728 1
279 734 1
279 748 1
279 777 1
279 785 1
279 789 1
279 791 2
279 961 2
279 1002 1
279 1059 1
279 1138 1
279 1258 2
279 1277 1
279 1418 1
279 1654 1
279 1655 1
279 1656 1
279 1657 1
279 1658 1
279 1659 2
279 1660 1
279 1661 1
279 1662 2
279 1663 1
280 2 1
280 3 1
280 5 2
280 49 1
280 53 1
280 61 1
280 63 1
280 72 1
280 115 1
280 116 1
280 164 1
280 167 1
280 170 1
280 184 1
280 290 1
280 319 1
280 321 2
280 325 1
280 330 2
280 332 1
280 359 2
280 390 1
280 409 2
280 1002 1
280 1283 1
280 1522 1
280 1664 1
280 1665 1
280 1666 1
281 5 1
281 68 1
281 85 1
281 118 1
281 122 1
281 151 1
281 184 1
281 363 1
281 517 1
281 577 2
281 714 1
281 836 1
281 1144 1
281 1347 1
281 1350 2
281 1667 1
282 1 1
282 3 4
282 5 1
282 12 1
282 14 1
282 34 1
282 47 1
282 48 1
282 63 1
282 65 2
282 75 3
282 77 7
282 80 1
282 81 3
282 85 1
282 94 1
282 104 1
282 135 1
282 153 1
282 165 1
282 170 2
282 190 1
282 209 2
282 234 1
282 279 1
282 302 3
282 303 2
282 314 1
282 364 1
282 367 2
282 399 1
282 407 1
282 484 1
282 551 1
282 602 2
282 643 1
282 663 1
282 673 2
282 709 1
282 748 1
282 756 1
282 894 2
282 929 2
282 965 1
282 973 1
282 977 2
282 1038 2
282 1342 2
282 1514 2
282 1576 1
282 1639 1
282 1668 1
282 1669 1
282 1670 2
283 1 1
283 3 1
283 4 2
283 9 1
283 47 2
283 66 1
283 75 1
283 77 5
283 80 1
283 81 3
283 82 1
283 88 1
283 104 1
283 122 1
283 133 1
283 141 1
283 143 1
283 172 2
283 180 1
283 209 2
283 217 1
283 243 1
283 248 1
283 267 1
283 272 1
283 296 1
283 304 2
283 326 2
283 349 1
283 386 1
283 448 1
283 463 1
283 505 1
283 577 1
283 582 1
283 643 1
283 676 1
283 722 1
283 731 2
283 929 1
283 974 1
283 977 1
283 983 1
283 987 1
283 1015 1
283 1176 1
283 1340 2
283 1671 1
283 1672 1
284 9 1
284 77 1
284 148 1
284 162 1
284 170 2
284 192 1
284 270 1
284 578 1
284 1113 1
284 1454 1
284 1533 1
285 2 1
285 3 1
285 9 1
285 20 1
285 42 1
285 49 1
285 105 1
285 117 1
285 133 3
285 134 1
285 143 1
285 148 2
285 170 1
285 187 1
285 287 1
285 323 1
285 343 4
285 375 1
285 555 1
285 573 3
285 579 1
285 583 1
285 593 1
285 632 4
285 643 1
285 899 1
285 1131 1
285 1396 1
285 1673 1
285 1674 1
285 1675 2
285 1676 4
285 1677 1
285 1678 1
285 1679 2
285 1680 2
285 1681 4
286 3 1
286 87 1
286 941 2
286 1623 1
286 1653 1
286 1682 1
287 1 1
287 3 1
287 35 2
287 37 1
287 1683 1
288 1 3
288 3 4
288 4 2
288 5 1
288 9 1
288 25 2
288 90 1
288 155 1
288 186 2
288 220 3
288 253 2
288 310 1
288 327 1
288 348 1
288 370 1
288 519 3
288 660 1
288 722 1
288 734 1
288 774 1
288 781 1
288 861 2
288 1142 2
288 1502 1
288 1684 2
289 3 1
289 10 1
289 64 1
290 118 1
290 209 1
290 1177 1
290 1685 1
291 4 2
291 40 1
291 42 1
291 77 2
291 87 2
291 131 1
291 172 1
291 304 1
291 388 1
291 512 1
291 519 1
291 548 1
291 917 1
291 1000 1
291 1174 1
291 1291 1
291 1686 1
291 1687 1
291 1688 1
291 1689 1
292 3 2
292 14 1
292 49 2
292 77 1
292 83 1
292 98 1
292 133 1
292 155 1
292 180 1
292 283 1
292 310 2
292 343 1
292 358 1
292 359 3
292 635 1
292 647 1
292 704 1
292 785 3
292 1000 1
292 1168 2
292 1690 1
293 43 2
293 47 2
293 134 1
293 192 1
293 227 1
293 378 1
293 429 1
293 440 1
293 468 1
293 479 1
293 496 1
293 500 1
293 507 1
293 515 2
293 520 1
293 544 1
293 867 2
293 942 2
293 1691 1
293 1692 1
293 1693 1
293 1694 1
293 1695 1
293 1696 1
294 1 1
294 3 1
294 14 1
294 148 1
294 165 1
294 359 1
294 644 1
294 1697 1
295 18 1
295 40 1
295 48 1
295 77 2
295 81 1
295 90 1
295 98 2
295 127 1
295 172 1
295 184 1
295 199 1
295 215 1
295 216 1
295 267 1
295 294 1
295 319 1
295 661 1
295 722 1
295 767 1
295 1425 1
295 1468 1
295 1698 1
296 1 2
296 3 2
296 5 1
296 9 2
296 87 3
296 105 1
296 125 1
296 131 2
296 133 1
296 134 1
296 135 1
296 163 2
296 170 1
296 367 1
296 583 1
296 1458 1
296 1502 1
296 1699 1
297 1 1
297 3 1
297 40 1
297 45 1
297 89 1
297 152 1
297 165 1
297 207 1
297 390 1
297 573 1
297 1044 1
297 1361 1
297 1382 1
297 1461 1
297 1618 1
297 1700 1
297 1701 1
298 3 1
298 9 1
298 12 1
298 53 1
298 117 1
298 136 1
298 151 1
298 165 1
298 170 1
298 179 1
298 305 1
298 488 1
299 2 1
299 18 2
299 47 1
299 68 1
299 71 1
299 118 2
299 122 1
299 156 1
299 167 1
299 252 1
299 280 1
299 313 1
299 351 1
299 459 1
299 500 1
299 528 2
299 539 1
299 641 2
299 853 1
299 892 1
299 902 3
299 1144 2
299 1296 2
299 1504 1
299 1702 1
299 1703 1
299 1704 1
299 1705 1
299 1706 1
299 1707 1
300 3 3
300 8 1
300 18 1
300 22 1
300 40 1
300 47 1
300 53 1
300 134 1
300 152 1
300 156 1
300 159 1
300 165 1
300 194 1
300 200 1
300 221 2
300 224 1
300 305 1
300 350 1
300 363 1
300 378 1
300 387 1
300 432 1
300 434 2
300 488 1
300 500 1
300 605 1
300 659 1
300 663 1
300 875 1
300 951 1
300 1053 1
300 1207 1
300 1404 1
300 1565 1
300 1708 1
300 1709 1
300 1710 1
300 1711 1
300 1712 2
300 1713 1
300 1714 1
300 1715 1
300 1716 1
300 1717 1
300 1718 1
300 1719 1
300 1720 1
300 1721 1
301 1 2
301 3 3
301 5 3
301 32 1
301 85 1
301 120 1
301 121 2
301 122 3
301 125 1
301 143 1
301 151 1
301 184 2
301 202 1
301 217 1
301 224 1
301 270 1
301 275 1
301 279 1
301 307 1
301 323 2
301 326 1
301 379 1
301 386 1
301 517 1
301 521 1
301 577 1
301 583 1
301 674 1
301 704 1
301 714 1
301 836 1
301 861 1
301 927 1
301 964 1
301 1094 1
301 1100 1
301 1144 1
301 1192 1
301 1235 1
301 1277 2
301 1347 2
301 1350 1
301 1377 1
301 1484 1
301 1722 1
301 1723 1
301 1724 1
301 1725 2
301 1726 1
301 1727 1
301 1728 1
301 1729 1
301 1730 1
301 1731 1
301 1732 1
301 1733 1
301 1734 1
301 1735 1
302 125 1
302 192 1
302 307 1
302 349 1
302 1736 2
303 3 2
303 30 2
303 105 2
303 127 1
303 163 1
303 184 1
303 224 2
303 386 1
303 398 1
303 422 1
303 533 1
303 714 2
303 819 1
303 870 2
303 950 1
303 1410 1
303 1531 1
303 1737 1
304 3 1
304 148 1
304 304 1
304 306 1
304 323 1
304 326 2
304 573 1
304 598 1
304 854 1
305 1 1
305 3 1
305 37 1
305 367 1
305 378 1
305 541 1
305 556 1
306 1 1
306 3 1
306 14 1
306 94 1
306 156 1
306 161 1
306 583 2
